5 45
5 2
1.23 1.65 1.85
1.24 1.71 1.29
1.35 1.69 1.43
1.18 1.79 1.07
1.19 1.67 1.12
1
0
0 3
1
1
2
10 10
1.89 1.9 1.96
1.61 1.94 1.11
1.96 1.08 1.73
1.79 1.07 1.01
1.78 1.54 1.93
1.66 1.22 1.22
1.36 1.8 1.21
1.91 1.63 1.02
1.28 1.45 1.86
1.49 1.92 1.41
0
2
0
0
2
1
2
2
2
0
20 0
1.51 1.23 1.77
1.9 1.46 1.63
1.75 1.74 1.6
1.94 1.11 1.81
1.06 1.26 1.25
1.33 1.82 1.37
1.03 1.33 1.46
1.57 1.78 1.14
1.56 1.14 1.42
1.15 1.77 1.65
1.77 1.36 1.27
1.2 1.84 1.28
1.8 1.53 1.61
1.07 1.04 1.1
1.37 1.64 1.31
1.83 1.35 1.03
1.14 1.86 1.95
1.16 1.51 1.33
1.62 1.43 1.7
1.02 1.55 1.69
25 45
1.73 1.3 1.4
1.87 1.15 1.83
1.11 1.5 1.47
1.7 1.96 1.0
1.55 1.61 1.66
1.95 1.57 1.76
1.71 1.19 1.9
1.27 1.58 1.75
1.44 1.05 1.19
1.21 1.85 1.72
1.69 1.16 1.99
1.92 1.73 1.34
1.45 1.01 1.71
1.31 1.87 1.24
1.81 1.25 1.35
1.13 1.44 1.94
1.47 1.2 1.17
1.5 1.49 1.88
1.26 1.31 1.38
1.67 1.21 1.98
1.65 1.52 1.55
1.17 1.99 1.58
1.76 1.06 1.26
1.53 1.68 1.64
1.04 1.83 1.13
0
1
1
0
2
0
2
2
0
2
1
2
0
0
0
0
2
1
0
0
2
2
2
1
2
0
1
2
2
2
0
1
1
0
2
1
0
2
1
2
2
2
1
1
1
