2 1000
1000 0
10.32 18.03 19.01
19.35 12.22 13.66
18.17 14.53 12.06
12.24 11.6 14.57
12.0 16.4 18.27
14.17 18.14 16.68
13.78 19.8 10.4
14.07 16.36 15.41
16.97 14.17 15.24
13.93 11.63 17.98
10.12 13.14 15.34
13.61 15.77 18.97
14.7 18.2 19.53
11.87 14.82 11.65
10.61 11.68 18.62
11.65 17.34 19.86
15.6 19.27 17.3
17.87 18.35 14.35
14.28 18.89 16.62
11.55 19.58 15.12
12.46 19.21 19.57
13.51 17.21 18.94
14.75 12.97 12.61
14.2 16.04 10.08
17.3 18.43 18.92
14.8 17.31 10.97
18.65 11.18 18.26
10.34 18.22 17.1
17.22 10.87 15.87
19.29 12.5 10.55
15.35 12.27 19.5
11.0 11.81 18.55
14.39 19.0 16.24
14.23 16.32 13.86
15.46 19.87 12.04
11.3 19.54 10.73
11.62 11.79 15.88
12.58 14.22 14.71
12.39 17.27 16.45
19.69 11.9 10.04
16.0 11.64 11.73
11.78 18.67 19.66
12.19 19.6 19.48
13.39 12.59 12.27
10.41 16.12 14.98
15.93 10.9 11.86
16.14 12.04 14.2
14.02 18.7 18.14
11.14 13.98 18.47
11.93 14.67 19.87
13.46 12.31 12.3
13.16 15.22 12.29
11.03 14.77 10.69
12.67 11.21 10.95
14.22 13.29 14.47
14.52 10.68 17.54
15.24 14.78 12.77
19.44 18.16 13.83
13.25 14.1 16.46
12.66 14.95 15.47
19.23 18.82 10.27
12.65 14.59 17.16
10.68 15.56 12.78
15.25 13.55 13.13
14.53 12.66 13.46
11.06 18.65 11.75
17.0 16.18 13.15
14.45 11.82 14.54
11.36 16.85 18.11
18.02 14.75 10.0
12.68 19.82 15.49
16.28 14.69 19.51
10.6 18.83 16.61
11.45 10.29 17.28
14.64 11.66 12.7
18.4 15.79 16.16
10.9 13.45 17.44
15.23 17.03 15.67
11.69 10.55 10.38
18.14 16.73 12.95
12.8 13.42 12.81
10.56 15.91 17.56
18.29 16.78 14.18
16.53 14.98 13.73
17.94 15.45 13.8
16.17 14.05 19.64
15.89 10.51 11.28
10.87 19.49 16.84
13.73 16.11 18.28
13.52 13.75 15.95
10.19 17.02 16.65
13.53 15.89 12.14
12.6 15.55 12.33
16.62 15.41 16.25
19.81 19.86 15.22
15.04 19.92 12.83
14.12 13.37 15.21
17.54 16.38 18.43
14.06 15.18 11.95
14.55 17.14 14.12
15.63 10.26 16.73
11.7 16.6 19.35
17.48 10.57 17.67
10.45 13.96 16.23
11.35 19.74 11.49
19.77 14.65 16.48
13.47 15.17 12.07
11.15 10.36 13.09
13.54 15.95 13.54
10.52 11.09 10.51
15.94 12.56 16.09
13.64 12.18 10.79
14.85 15.59 16.3
14.26 17.28 19.85
19.41 15.74 13.67
18.23 12.78 19.93
10.3 10.41 15.82
15.48 17.68 13.52
17.92 15.96 10.35
13.29 16.49 10.61
19.6 12.14 12.5
18.95 15.12 18.05
11.49 17.8 19.07
17.06 17.22 14.37
14.69 12.71 15.73
17.09 15.5 10.77
16.04 13.26 18.82
15.49 11.31 16.06
17.7 18.17 13.1
18.46 12.13 12.38
13.41 13.58 12.49
12.73 10.85 14.01
19.19 17.32 17.71
18.55 15.92 11.9
11.29 17.59 11.77
12.74 19.03 15.06
14.47 13.78 11.67
19.22 18.72 14.58
12.89 19.31 16.08
19.3 14.51 10.63
11.43 16.31 14.22
10.29 11.85 10.1
17.29 14.6 19.96
17.42 12.85 17.41
12.53 19.44 10.13
12.97 18.04 15.98
17.83 18.61 12.71
12.42 10.53 10.44
15.06 18.15 13.32
16.27 18.29 13.55
11.59 17.87 19.47
15.36 15.6 18.04
19.75 12.87 17.46
12.98 17.12 16.94
14.72 18.8 12.64
18.06 13.99 14.83
14.91 13.5 13.62
12.1 12.32 12.17
17.53 12.03 15.37
11.88 15.99 13.47
19.48 12.46 19.88
17.12 19.04 11.6
11.07 10.05 10.59
12.83 17.91 16.76
17.15 13.12 11.53
10.55 10.48 11.71
18.44 19.1 16.55
13.21 16.76 16.19
17.4 17.09 14.93
13.83 15.82 19.99
13.03 17.98 17.79
11.56 19.17 16.83
17.45 14.3 17.07
10.33 10.25 16.27
13.77 14.45 16.91
14.4 17.69 17.78
16.42 13.93 15.48
12.55 12.3 17.31
19.88 12.21 13.33
16.02 15.37 17.66
19.17 16.7 10.75
17.34 16.51 14.41
18.9 10.71 10.93
16.39 15.48 18.57
13.3 14.86 13.29
16.72 10.46 15.75
15.32 18.53 17.65
17.75 14.9 15.61
18.53 13.39 11.68
13.34 13.35 15.18
11.64 16.97 19.23
17.63 10.1 11.78
13.62 18.63 12.74
19.84 14.12 11.96
15.41 11.23 18.45
11.17 16.69 17.61
13.14 16.53 17.18
18.79 10.86 14.34
13.27 14.46 19.39
14.74 19.24 13.89
19.93 18.26 19.17
16.21 19.5 13.07
17.36 19.77 10.98
11.91 11.06 19.06
17.37 11.03 13.64
10.16 11.02 10.8
10.4 13.71 19.65
13.88 19.13 16.57
16.19 16.27 18.64
12.2 15.24 10.62
13.85 15.7 18.16
13.43 18.11 11.01
16.77 17.45 13.56
13.7 18.06 14.8
15.73 16.58 10.24
14.63 19.2 13.79
19.87 10.93 13.77
18.51 11.78 15.55
15.19 14.83 13.92
12.15 13.62 12.91
19.61 18.09 18.88
10.44 11.33 17.6
15.8 12.08 12.96
10.09 12.02 16.29
11.08 19.97 16.79
19.72 18.4 10.9
10.46 16.22 16.07
10.63 16.81 18.71
10.43 19.72 13.16
14.6 14.08 18.81
17.84 10.16 14.02
18.93 17.75 15.44
14.51 19.42 12.2
18.3 19.32 18.6
13.98 16.26 12.73
15.03 18.73 12.39
13.9 12.11 15.32
19.71 11.05 13.26
16.81 19.79 11.35
18.41 16.59 11.37
14.92 10.15 18.25
14.35 14.56 11.22
15.26 17.35 19.69
11.95 16.54 14.0
14.56 14.62 14.78
15.01 14.14 16.38
11.34 17.07 12.69
14.71 12.41 14.77
15.22 10.45 11.84
15.7 19.62 11.97
14.19 11.48 17.99
18.6 18.31 13.91
11.57 13.15 16.43
19.05 12.81 18.29
13.69 18.78 15.01
11.19 16.62 11.46
16.7 11.87 12.6
17.25 17.93 11.4
12.99 19.99 18.4
19.65 12.36 17.69
11.1 16.44 12.02
18.86 14.04 13.6
17.57 18.47 16.93
10.18 18.79 14.92
16.74 10.32 18.86
18.56 14.91 11.11
10.28 19.59 12.9
18.92 10.44 13.27
19.62 16.63 18.18
16.25 18.94 18.38
13.0 14.81 17.8
14.16 15.16 10.78
14.59 19.09 14.94
14.81 16.25 19.0
16.79 14.34 10.85
17.98 10.65 19.19
16.68 13.49 18.61
15.98 11.49 14.76
12.18 15.62 13.5
12.91 11.04 12.97
17.68 16.48 18.99
14.49 13.4 19.34
18.12 17.16 14.17
16.8 13.22 13.41
16.37 10.7 16.5
18.01 16.37 17.62
10.86 15.61 14.81
13.84 10.4 13.35
16.33 11.38 19.27
11.83 13.88 13.2
16.36 13.89 12.45
17.59 11.43 13.48
11.48 15.94 17.01
15.45 19.93 10.21
14.65 12.89 18.23
18.42 16.45 14.6
14.32 17.48 19.59
14.93 18.76 14.88
10.37 17.37 16.56
15.91 10.07 10.87
19.54 17.88 16.47
16.08 13.04 18.51
10.66 16.29 17.96
19.85 18.02 12.57
11.4 13.97 15.42
10.24 12.54 16.95
13.13 14.73 17.85
19.74 13.53 11.8
18.28 14.94 11.08
10.57 10.95 14.7
14.89 10.5 17.49
16.18 11.15 17.35
15.43 12.0 18.01
11.21 13.03 10.33
11.77 10.06 10.94
18.82 13.68 12.35
19.64 18.13 19.26
16.55 10.2 14.11
17.86 17.72 11.89
17.2 12.8 10.86
18.45 16.33 18.75
14.21 18.51 18.08
17.6 11.57 17.51
16.99 10.08 16.52
12.36 16.88 15.94
13.79 14.33 11.39
13.94 19.37 17.87
11.74 12.45 14.46
10.84 10.72 16.17
17.27 15.88 14.27
18.05 16.56 16.1
19.91 18.27 15.15
12.29 17.63 19.75
15.2 19.56 13.58
14.82 13.02 17.12
10.75 15.87 19.32
19.67 15.34 11.91
10.38 10.12 13.84
10.23 12.15 14.21
12.78 16.3 15.02
14.86 14.66 13.49
18.89 14.52 12.75
17.73 12.64 10.45
16.92 18.44 14.65
15.72 17.15 13.06
12.3 14.72 11.36
18.38 12.43 10.29
17.55 11.83 16.67
13.97 17.01 15.85
17.39 17.24 14.13
16.94 14.11 19.33
16.58 19.05 12.46
19.63 12.63 11.79
15.54 15.35 11.63
14.66 17.43 14.33
18.94 11.11 16.13
10.82 15.25 16.39
13.32 11.7 18.68
13.6 15.36 12.36
16.67 18.93 17.15
15.12 14.09 12.82
16.49 18.85 18.44
18.99 11.22 12.86
18.34 10.77 17.48
12.88 12.79 18.72
13.58 10.81 11.57
19.95 19.91 10.81
15.42 13.59 13.82
13.63 12.39 19.45
19.73 18.84 16.86
13.66 12.76 10.67
12.84 17.81 12.08
18.81 16.23 18.59
18.84 14.7 10.39
19.86 17.74 10.71
19.52 19.89 10.49
16.01 15.14 14.04
14.42 15.81 17.7
15.83 19.75 18.83
16.07 18.42 18.39
19.01 11.01 16.22
12.56 19.22 19.6
12.59 16.41 11.44
18.09 15.66 16.81
16.47 19.88 13.02
17.67 11.95 10.99
14.61 12.75 11.52
13.74 18.96 15.38
12.5 14.32 19.4
10.69 18.64 11.64
19.51 11.86 11.38
15.71 16.77 17.73
18.52 18.21 12.09
15.61 19.55 19.36
19.82 15.1 13.61
18.04 16.05 14.63
15.16 13.19 16.33
12.75 19.96 15.97
18.39 11.96 13.45
14.58 13.38 12.94
14.48 18.75 12.63
16.56 10.23 18.85
15.4 12.84 14.44
11.63 14.71 17.27
14.87 10.59 19.16
17.79 18.24 11.43
13.31 10.27 12.88
11.51 11.07 18.66
19.57 13.79 17.94
14.24 12.82 17.26
14.9 13.23 16.85
10.96 18.98 18.15
10.22 19.01 18.32
17.62 12.72 16.7
12.21 11.59 10.46
12.81 18.19 17.68
19.46 13.64 12.32
15.28 14.89 19.37
13.71 19.47 15.43
12.16 13.44 15.76
10.91 18.05 10.37
13.49 16.01 13.38
12.7 11.13 10.01
17.19 10.6 19.18
19.79 17.04 19.77
12.26 17.2 11.66
10.07 15.19 15.78
13.35 13.32 10.48
17.03 13.01 11.72
14.98 14.5 19.44
16.13 14.21 16.98
18.27 10.04 12.92
17.41 12.48 17.38
19.76 13.27 13.01
12.62 14.74 14.38
17.64 12.61 14.3
11.68 11.74 17.45
13.4 14.55 19.12
10.81 19.33 18.41
15.47 16.39 16.69
19.11 10.66 11.55
11.44 19.39 18.95
18.68 11.99 16.97
12.94 12.51 12.1
13.99 17.06 12.85
10.58 18.9 15.83
14.1 10.92 10.84
13.36 14.58 11.0
13.02 12.16 12.24
15.53 14.97 18.5
13.95 13.34 14.03
12.07 14.35 10.89
18.35 10.19 12.19
18.74 10.54 10.09
16.32 17.73 17.9
18.85 16.15 14.86
16.85 10.39 10.06
14.25 12.69 10.07
19.37 11.65 12.52
11.16 17.96 16.41
17.49 19.07 13.65
18.31 13.18 14.97
17.93 17.92 18.02
18.24 10.8 19.98
15.9 10.14 15.54
14.76 14.99 13.57
13.09 14.13 15.07
15.09 14.15 16.64
11.39 19.7 14.62
14.14 18.87 15.6
10.89 15.13 10.02
15.76 13.95 16.37
14.77 12.37 18.58
15.5 17.66 15.29
13.12 18.07 11.61
10.42 13.67 11.88
18.88 13.51 11.62
10.8 17.26 12.15
15.77 16.07 12.8
14.96 10.78 17.36
14.5 13.31 14.75
19.43 11.94 15.65
10.62 18.25 13.78
13.19 15.04 10.03
19.26 19.71 14.61
18.0 15.85 14.45
16.41 13.8 12.28
15.29 12.17 19.2
10.25 16.16 10.74
10.08 15.26 18.3
15.17 12.26 16.2
11.5 15.65 16.59
10.26 15.33 13.63
16.78 17.84 15.8
14.43 11.51 17.37
10.49 17.83 15.35
14.13 15.28 17.09
12.12 17.36 12.05
13.76 13.08 16.74
16.69 14.85 18.06
12.28 15.68 15.74
14.73 18.39 17.55
11.37 17.82 18.91
17.95 16.06 10.64
15.95 13.84 11.25
15.14 11.1 19.73
12.25 11.14 12.66
12.87 11.19 11.92
16.87 15.01 12.43
14.41 15.2 10.34
13.91 14.06 13.37
19.94 19.64 16.18
18.15 11.24 13.04
16.86 12.73 17.53
11.79 10.94 14.79
12.32 10.64 15.93
18.47 10.56 14.05
11.61 15.21 11.42
16.66 12.06 13.68
14.29 16.2 13.34
16.5 11.47 14.29
13.28 19.08 13.93
12.64 18.81 19.7
19.25 14.37 19.8
11.32 14.57 16.89
15.64 16.13 13.23
14.67 11.75 12.37
14.04 15.98 17.93
10.11 12.99 11.5
16.43 13.2 15.64
10.21 10.47 11.17
14.09 11.16 14.08
10.76 15.32 17.57
18.19 15.44 14.64
15.18 15.53 12.31
12.93 19.68 15.23
13.89 17.11 11.41
12.05 17.19 14.1
18.69 11.28 12.59
18.13 13.94 15.53
16.23 13.0 13.4
18.63 16.65 19.43
11.76 15.02 13.69
14.15 10.13 15.08
10.59 18.55 13.31
17.16 16.8 16.58
17.21 17.23 17.63
12.95 17.47 17.77
19.97 18.32 17.83
10.7 18.18 16.34
14.31 15.67 14.31
18.58 19.18 19.81
16.03 14.01 15.04
17.01 10.98 15.16
11.12 17.94 17.34
19.12 17.78 17.43
11.22 12.77 12.16
11.72 16.87 13.72
10.67 16.03 15.59
19.24 18.49 10.2
15.33 10.84 11.85
14.11 12.91 18.0
17.91 16.92 14.85
12.79 19.46 13.03
16.76 12.68 19.22
18.16 15.29 11.07
16.2 12.93 18.09
16.29 10.89 13.39
12.52 19.35 13.74
15.66 16.82 19.1
14.01 10.79 13.85
15.88 19.78 12.68
12.96 14.31 15.7
11.02 12.19 13.19
16.34 19.63 14.96
16.98 10.31 18.73
11.13 13.63 14.55
15.97 17.58 12.99
18.73 13.36 10.92
19.14 14.41 16.51
19.89 16.67 17.81
17.04 11.73 10.68
16.88 11.54 10.53
11.01 15.43 19.29
19.83 15.15 13.25
18.22 16.89 11.1
13.42 19.11 10.28
12.57 10.17 16.12
11.23 16.1 14.52
13.68 13.43 12.67
17.99 17.56 14.73
18.59 14.84 12.13
15.11 15.86 15.99
10.72 11.44 15.51
19.78 15.51 18.98
11.67 17.51 16.66
12.04 17.52 11.18
18.91 19.57 14.19
15.05 14.47 12.11
15.86 17.61 14.82
15.75 12.86 15.1
15.58 17.65 14.49
18.57 11.91 15.4
16.57 11.42 12.01
10.65 12.88 10.6
17.23 19.98 12.4
16.31 11.89 19.58
18.62 18.23 17.4
19.45 13.33 14.42
14.54 15.42 17.21
18.66 16.24 11.7
10.92 17.97 16.77
11.82 11.12 11.45
15.57 13.07 10.18
11.89 15.06 10.65
14.99 17.71 13.76
14.44 13.61 16.75
17.18 12.38 15.71
13.45 16.46 13.75
18.97 17.39 10.26
16.52 12.2 19.83
19.96 10.37 17.2
12.69 19.4 15.81
15.44 17.18 17.08
13.87 19.84 19.04
10.54 18.01 19.28
17.81 15.39 10.19
11.58 16.14 19.74
15.79 16.47 12.76
17.05 16.43 18.69
11.38 17.76 14.16
17.71 10.24 11.12
10.04 17.86 12.72
17.33 18.69 17.75
19.34 17.6 16.35
15.82 15.58 13.44
17.96 10.91 14.67
17.44 15.27 12.62
15.08 10.33 13.42
11.11 11.34 14.53
11.94 11.17 10.91
11.05 14.38 10.56
18.78 14.07 14.84
17.9 14.93 13.22
14.27 10.34 17.17
15.51 10.28 14.5
16.11 10.67 16.14
12.14 17.44 10.54
15.85 18.91 11.99
12.71 12.9 15.17
17.08 16.55 14.23
13.37 18.66 16.0
12.08 18.57 14.15
18.83 11.61 11.94
13.08 14.23 15.79
15.81 19.85 16.21
15.37 16.68 19.11
18.2 12.49 18.13
19.47 18.88 12.18
13.44 15.72 11.81
16.61 19.34 18.9
11.8 14.54 18.07
13.72 14.61 15.56
17.61 14.0 12.53
19.53 12.98 16.26
15.55 13.54 18.2
15.65 10.3 11.82
15.69 17.05 10.41
16.64 18.77 16.71
16.44 14.2 19.89
11.09 13.6 18.76
14.0 15.9 11.83
10.85 18.97 11.48
11.86 12.74 15.45
14.03 18.62 17.82
11.6 18.46 16.28
15.78 18.6 18.54
14.34 19.48 13.95
16.71 15.03 19.61
15.84 17.5 17.84
17.77 16.75 13.18
10.64 17.67 11.29
10.5 13.17 15.92
12.92 13.76 18.21
11.41 13.25 13.99
16.93 18.41 17.02
16.83 12.29 16.04
11.28 17.9 18.7
10.13 16.91 13.36
19.42 13.06 15.19
16.46 13.69 11.27
15.34 13.72 12.12
10.03 14.49 19.15
11.33 12.05 19.97
15.62 11.45 18.35
13.22 11.53 17.52
18.03 10.75 16.32
12.22 11.0 19.24
12.13 19.53 10.32
14.62 11.29 11.32
19.1 16.0 14.66
15.67 11.62 18.63
13.59 13.13 18.33
10.0 13.48 17.04
17.17 16.72 19.67
16.63 12.01 12.84
17.13 10.01 15.13
10.94 19.28 11.2
14.95 10.22 12.26
13.55 19.06 12.87
16.96 11.4 11.54
15.31 14.76 15.57
16.9 17.13 13.14
18.43 10.52 12.79
12.49 14.29 13.88
17.78 12.23 18.67
13.24 13.46 16.72
12.63 16.21 13.21
10.15 11.26 12.58
12.44 11.69 17.92
12.01 15.69 19.63
19.4 11.56 10.36
12.27 16.84 13.81
10.27 18.12 19.13
10.53 13.87 19.03
12.34 14.43 10.82
11.31 17.17 18.8
16.1 14.18 11.98
18.77 12.47 18.93
10.78 17.62 10.14
19.49 16.9 18.48
16.05 12.09 14.43
12.33 16.08 17.58
12.86 11.08 14.26
13.5 15.31 14.28
17.72 16.99 16.9
19.21 13.47 15.5
16.15 14.36 11.59
11.99 16.94 10.25
12.82 13.77 18.31
17.74 17.77 15.33
12.76 14.79 16.99
17.76 11.98 18.52
14.57 12.65 11.58
13.05 15.52 11.24
18.21 15.54 10.83
10.97 14.87 16.05
19.33 14.92 10.43
11.75 12.52 15.68
14.88 15.3 14.56
12.17 18.1 11.87
11.54 18.52 15.36
18.54 11.92 15.31
12.37 18.28 19.42
15.92 16.34 10.15
16.75 17.57 18.53
13.86 16.95 13.94
19.2 15.71 19.92
13.96 13.9 19.09
11.96 19.14 16.03
14.18 16.64 12.22
16.51 19.83 13.59
16.95 15.78 15.28
12.48 17.53 19.95
19.38 11.72 19.79
15.39 17.33 10.12
18.26 19.38 19.21
17.1 12.34 11.47
17.31 19.65 18.49
19.02 12.12 10.47
12.11 11.52 17.74
10.48 14.26 12.44
11.84 11.67 19.84
19.66 16.86 12.55
11.2 13.3 12.65
15.56 16.66 12.47
19.16 11.41 13.11
13.1 19.52 16.49
10.77 12.83 12.51
13.67 12.96 13.87
19.28 15.57 10.58
13.48 12.58 14.99
14.46 18.33 16.92
19.18 13.73 12.41
17.58 10.62 15.05
11.66 19.51 12.98
19.0 16.83 16.63
16.22 19.73 13.98
10.35 12.44 18.74
12.35 16.09 17.24
12.77 15.76 11.69
18.5 18.95 13.71
17.8 15.11 16.11
14.68 18.36 14.25
14.83 18.92 14.91
15.27 19.66 15.91
15.38 11.55 18.56
19.99 15.8 17.47
13.06 19.36 11.23
17.5 13.09 18.36
15.68 11.36 14.07
17.43 13.05 19.94
11.04 18.38 19.68
15.52 17.41 14.14
14.36 15.46 15.2
19.31 13.65 19.38
10.47 10.38 15.89
10.95 18.45 10.3
18.32 15.07 11.06
16.24 12.62 10.5
17.24 18.56 17.19
13.33 13.11 18.78
15.1 11.37 18.79
11.85 18.58 19.55
11.18 17.95 18.19
17.82 12.1 13.17
15.15 11.32 11.09
16.54 14.16 15.72
18.98 17.3 13.05
18.61 15.05 11.03
15.87 15.47 19.08
10.93 14.27 13.43
11.26 12.24 16.15
18.67 13.16 18.34
13.82 10.99 10.72
17.38 14.03 16.44
11.47 10.76 17.86
16.45 17.55 14.68
16.26 19.67 18.84
18.71 12.33 15.63
12.61 11.2 15.11
18.36 15.97 15.26
19.7 17.42 11.21
13.23 11.76 11.05
16.84 12.55 10.31
14.3 17.25 17.72
17.14 10.21 16.82
12.09 19.41 18.24
17.65 10.02 17.95
19.68 16.96 11.26
15.07 18.34 11.19
16.09 17.64 11.34
16.82 10.97 17.05
16.48 19.26 10.76
10.36 10.61 16.96
10.02 14.39 19.54
12.43 12.53 11.14
11.27 19.94 17.0
10.2 13.92 13.12
17.32 12.57 17.25
19.55 19.12 19.41
16.06 17.79 18.17
13.56 18.59 14.9
13.04 10.58 15.14
16.65 14.25 13.53
18.87 14.44 13.0
11.98 16.35 13.7
12.9 11.58 14.51
19.98 16.57 18.77
15.59 14.96 12.54
18.33 14.42 12.21
18.96 17.54 15.03
19.09 19.3 18.12
12.51 17.89 18.37
17.46 16.02 19.31
11.92 19.45 13.9
17.56 16.98 15.39
19.59 11.97 15.09
19.03 18.74 13.96
17.69 19.19 17.5
10.01 11.35 19.02
11.52 17.08 15.52
13.38 15.84 16.8
19.27 17.99 15.9
19.08 14.64 17.39
16.91 16.74 11.02
12.47 17.1 15.66
13.92 13.66 17.59
13.11 14.88 10.42
19.36 14.28 15.27
11.97 19.76 14.09
16.59 13.83 11.76
17.11 13.81 11.51
15.13 12.7 17.88
19.15 17.7 16.36
14.78 11.39 11.31
14.05 14.68 14.06
19.92 15.73 15.69
15.21 14.19 12.89
17.28 16.5 14.74
10.05 15.08 14.4
13.2 10.09 11.93
12.41 16.19 16.53
18.76 19.15 10.52
10.74 12.07 19.78
19.07 11.46 14.48
15.99 19.69 12.34
13.8 12.6 10.96
10.71 19.16 17.29
16.35 15.09 18.96
12.02 13.7 10.16
13.81 18.48 13.97
16.73 12.42 14.95
17.26 10.11 10.17
16.16 10.73 17.97
19.39 11.77 12.42
18.25 17.29 18.03
10.88 15.38 19.82
12.38 12.28 16.42
11.73 12.94 13.24
10.31 11.5 12.0
12.4 10.18 16.78
10.73 10.0 15.25
12.03 17.0 18.65
19.32 17.46 16.4
15.96 11.3 11.33
13.07 13.21 11.16
11.71 10.35 12.03
19.56 16.79 11.13
14.84 14.24 11.15
15.3 13.56 14.87
13.18 10.43 17.03
19.58 15.63 19.46
18.64 19.25 15.86
19.13 10.82 16.01
12.45 11.88 14.32
10.98 16.42 19.05
13.26 10.88 19.3
11.24 18.99 14.24
17.47 13.24 17.13
17.51 10.96 10.11
17.88 19.02 12.93
12.31 13.85 16.54
10.06 12.92 18.87
13.17 18.54 14.89
18.8 15.93 15.0
18.7 15.0 10.05
10.51 13.41 15.84
18.72 16.17 14.36
16.3 17.85 15.62
10.14 19.29 10.23
15.0 10.42 17.06
11.81 13.82 18.22
11.25 11.84 14.69
11.53 11.8 15.3
13.75 14.63 12.23
18.1 10.03 16.6
10.83 14.48 17.11
12.54 10.74 13.08
19.8 10.83 19.91
10.79 16.28 15.46
12.85 17.49 14.72
19.04 18.08 19.25
16.12 16.71 11.56
15.74 14.02 17.14
18.37 15.64 17.76
11.42 19.61 12.48
10.17 11.27 12.25
10.99 12.4 14.39
17.85 15.75 11.3
14.08 13.91 18.42
19.5 19.43 19.14
13.01 19.23 19.71
16.4 18.71 19.76
14.38 14.8 18.1
16.89 12.67 17.33
12.72 19.95 18.46
11.9 12.25 19.72
17.02 19.81 15.96
13.65 15.83 17.23
16.38 12.35 17.42
14.94 19.9 10.88
13.15 11.71 10.22
17.97 18.5 13.3
17.52 13.57 17.22
18.11 18.0 14.59
17.89 13.1 15.77
19.9 15.49 17.64
18.49 18.3 16.31
17.35 17.38 11.74
17.07 15.4 10.66
13.57 17.4 18.89
14.33 13.28 10.7
11.46 14.4 19.49
14.37 13.52 12.56
18.75 16.93 13.51
18.48 13.86 19.56
14.79 10.63 17.89
14.97 16.52 17.91
10.39 12.95 16.87
15.02 18.37 11.04
17.66 13.74 19.62
12.06 16.61 19.9
18.18 10.69 10.57
18.07 11.25 17.32
12.23 15.23 15.58
16.6 11.93 16.02
10.1 10.49 19.52
18.08 18.86 16.88
19.06 18.68 13.28
0 1000
1
2
0
2
2
1
1
0
1
2
0
1
2
2
1
1
0
0
0
0
1
2
0
2
0
2
1
2
1
0
0
1
0
0
1
0
1
2
0
0
1
1
0
0
1
0
2
0
0
0
2
1
1
2
1
0
1
1
2
0
2
1
1
2
2
2
2
0
0
2
2
0
2
0
0
2
0
0
0
0
2
0
1
1
1
2
1
0
1
1
1
0
0
2
2
2
0
2
2
0
1
0
0
1
0
0
2
0
0
1
1
2
1
1
2
0
1
2
2
2
1
1
2
2
1
2
1
2
2
2
0
1
2
2
2
1
1
0
1
0
1
2
0
1
2
2
2
0
0
1
2
0
2
0
2
0
1
1
2
2
1
0
1
2
2
2
1
1
0
0
0
1
1
1
0
2
1
1
1
0
1
2
2
1
2
0
0
0
1
2
1
2
0
2
2
2
2
0
0
0
0
1
1
1
2
0
1
1
1
1
2
2
1
1
0
1
0
1
0
2
0
1
0
2
1
2
0
2
2
0
1
0
2
1
1
2
2
2
1
1
1
0
1
0
2
1
1
2
0
0
1
2
1
2
1
2
0
1
0
0
2
2
0
2
2
2
1
1
2
2
0
2
1
2
0
1
2
0
2
2
1
2
1
0
1
1
2
0
1
0
2
1
0
0
0
0
0
2
1
2
2
2
0
2
2
2
0
1
0
0
1
1
0
0
2
0
0
1
0
1
0
0
2
1
1
0
0
0
2
1
2
0
2
2
2
2
0
2
2
0
2
0
1
2
1
2
0
1
2
0
0
0
0
0
0
1
1
1
0
0
1
2
0
1
2
2
0
0
1
0
2
0
0
2
1
2
0
1
2
1
2
2
0
1
0
1
1
1
2
0
0
2
1
2
0
2
0
2
0
0
0
1
0
0
1
1
2
1
0
0
0
2
1
1
0
1
2
1
1
2
2
2
1
1
0
0
0
1
2
0
0
2
0
0
2
1
2
1
1
1
2
1
0
0
0
1
0
0
0
1
1
0
2
1
0
1
2
1
0
0
2
1
1
0
2
2
1
0
1
0
2
0
2
1
0
0
0
0
2
2
0
1
0
1
1
1
2
2
0
1
1
2
0
1
1
0
1
2
2
1
1
2
2
1
1
1
2
2
2
2
1
1
1
1
2
0
0
2
0
0
0
1
1
2
0
2
1
0
0
2
2
2
2
1
0
0
1
1
1
2
2
0
2
2
1
2
1
0
0
2
2
2
1
1
1
1
0
2
1
2
1
1
0
1
0
1
0
2
1
0
0
1
1
2
2
2
1
1
0
1
2
1
0
2
0
2
2
0
0
1
2
2
0
2
2
2
0
1
0
1
0
1
0
2
2
1
0
2
0
2
2
1
2
2
2
1
1
0
1
2
0
1
2
1
0
2
2
2
0
2
2
1
1
2
0
1
2
2
2
2
2
2
0
0
1
0
0
0
1
1
2
0
1
0
0
2
0
1
0
1
2
2
0
2
0
1
2
2
0
1
0
1
0
1
2
2
0
2
2
0
0
2
2
0
1
1
1
1
2
0
0
1
2
0
2
2
2
1
1
2
0
2
0
0
2
1
0
0
2
2
0
2
1
0
1
1
2
1
2
0
1
0
0
1
2
1
2
1
2
1
1
0
1
2
2
1
1
1
2
2
0
0
2
1
0
2
1
0
0
0
1
1
2
2
0
1
1
0
1
1
2
1
1
2
1
1
2
2
0
1
1
1
0
2
2
2
1
1
0
2
0
1
0
2
1
2
0
2
0
0
1
0
2
1
1
2
1
0
1
1
0
0
1
2
0
2
0
1
1
1
1
1
0
2
2
0
0
2
0
2
0
1
1
1
0
0
2
0
0
0
2
0
0
0
2
2
0
0
2
0
2
2
0
0
1
0
1
0
1
0
2
2
0
2
1
0
1
0
1
1
1
1
1
0
0
2
0
1
2
1
1
1
1
2
0
2
2
2
0
0
0
1
1
0
2
1
1
2
0
2
1
2
1
0
0
1
0
2
1
0
0
2
1
1
1
0
2
0
2
0
0
0
1
1
2
0
0
0
1
0
0
2
1
1
1
0
0
2
1
0
0
2
0
2
1
2
0
0
2
1
1
2
2
2
2
2
2
1
0
0
0
2
2
0
2
1
0
1
1
1
1
0
0
0
0
1
1
0
0
1
2
2
0
1
2
2
1
2
1
1
1
0
0
1
2
1
0
1
0
0
1
2
2
1
0
0
2
0
2
1
