5 1000
1000 1000
209.11 164.32 138.99
182.68 177.15 251.16
141.56 194.14 237.66
158.55 230.77 170.84
283.95 277.97 242.15
256.37 154.92 273.03
160.3 156.74 200.04
144.96 234.84 227.88
190.6 181.92 259.06
199.94 262.59 229.18
104.87 211.42 144.39
276.33 182.36 119.53
201.15 291.85 281.18
249.66 121.09 162.41
262.73 214.21 258.91
286.27 150.79 185.06
271.34 122.3 275.64
211.84 136.06 289.21
288.15 113.18 255.56
237.67 216.83 281.54
282.57 284.0 133.59
122.98 208.38 257.02
140.77 109.38 253.1
255.31 263.53 144.74
154.21 200.48 189.16
252.79 155.91 133.53
258.44 120.28 263.68
167.29 122.63 285.12
144.77 230.85 244.53
161.34 206.81 261.44
164.63 122.56 291.01
219.69 116.37 277.33
148.18 153.59 186.32
296.93 128.59 187.0
112.85 280.3 259.38
137.22 214.2 218.8
147.48 234.6 246.33
212.33 186.74 145.08
118.95 253.92 265.34
196.36 220.58 187.1
124.24 158.6 249.83
297.4 277.65 195.89
296.14 297.46 100.09
265.46 131.67 271.82
208.95 195.85 219.46
207.14 210.99 208.01
273.39 155.35 181.73
192.59 198.97 191.12
171.79 228.63 142.94
167.64 269.17 218.6
158.34 229.57 122.69
250.5 286.66 170.48
229.6 295.39 129.71
146.26 278.73 244.1
227.83 197.68 169.72
297.81 128.02 223.96
261.89 239.02 112.65
232.45 117.28 143.44
188.56 109.25 178.12
114.63 134.71 131.06
255.63 227.97 112.07
261.25 286.34 168.09
153.81 172.63 160.49
296.77 257.84 248.69
195.18 249.77 129.11
142.54 117.01 250.02
193.86 221.89 117.67
269.94 163.77 164.78
137.51 122.51 260.69
263.54 234.96 254.87
150.31 218.48 247.2
150.13 115.64 214.23
127.72 121.62 232.4
121.1 283.42 120.53
161.68 158.88 268.64
205.56 227.36 208.64
202.81 178.4 197.4
175.48 126.55 213.62
113.97 244.09 210.04
260.18 113.71 157.34
289.99 162.73 114.95
297.27 169.08 105.95
135.07 294.29 170.89
154.54 158.49 231.07
253.79 138.37 177.5
172.42 273.27 225.24
210.92 204.35 161.5
185.29 150.84 295.84
208.37 103.89 124.76
168.85 266.73 119.45
196.1 118.14 255.58
231.21 264.38 116.63
282.05 199.63 146.93
239.5 258.97 255.62
283.02 194.25 101.69
155.87 199.81 208.0
195.67 167.93 215.66
298.55 194.08 151.59
294.87 164.83 294.53
249.96 116.72 298.22
275.27 183.66 178.68
243.15 232.33 231.35
181.1 160.57 216.12
266.94 240.95 124.07
185.01 109.72 134.38
199.7 201.24 188.93
192.65 257.01 138.56
199.84 271.65 288.1
144.93 163.16 232.14
243.85 200.11 122.79
195.56 251.95 168.27
294.74 216.68 291.96
142.61 166.46 180.42
295.86 243.98 266.48
155.43 208.87 159.23
152.06 137.31 233.67
107.19 251.98 106.85
262.89 123.92 175.56
152.77 233.44 139.78
181.77 251.03 186.88
145.27 218.6 199.17
219.84 236.62 206.33
209.06 105.92 223.23
150.02 124.21 245.14
108.01 248.85 270.53
293.65 208.61 175.8
149.04 141.83 279.3
228.87 124.76 265.44
270.01 182.93 141.08
118.46 265.82 207.82
245.85 281.05 261.76
129.73 273.61 251.42
181.01 146.46 253.0
204.99 190.02 231.46
246.49 117.13 188.32
147.49 163.25 232.26
231.92 267.31 205.02
226.15 293.41 202.6
131.04 221.43 123.04
152.73 217.61 285.1
238.27 282.32 262.38
194.64 237.78 194.85
120.05 254.7 116.54
104.83 185.65 228.77
213.33 123.58 164.97
221.07 245.93 133.82
290.28 220.99 209.1
177.91 107.94 191.78
282.58 222.46 113.61
259.61 212.94 260.72
221.52 222.84 234.17
287.75 150.46 209.86
241.54 287.84 137.97
168.18 268.58 201.12
134.65 162.91 160.52
176.66 286.75 121.23
235.32 246.46 255.7
126.08 215.97 192.06
199.85 161.53 127.42
235.73 199.5 125.17
254.09 225.26 123.32
158.47 167.32 179.85
247.1 269.73 223.68
204.38 159.41 299.37
289.93 163.56 272.68
108.56 198.72 131.23
159.22 139.67 278.45
251.36 249.27 212.43
110.2 224.29 281.87
281.86 247.36 253.59
130.15 171.55 157.45
191.2 157.41 107.03
121.21 149.61 204.56
259.71 167.46 138.79
128.69 248.77 108.26
271.73 250.73 188.66
295.26 170.02 248.95
242.96 110.42 196.66
193.57 137.56 221.67
146.48 131.34 277.24
248.36 224.07 170.58
220.28 148.34 100.62
280.26 127.46 114.99
229.72 240.3 220.62
131.68 105.11 187.55
214.78 149.73 168.26
230.14 153.36 279.07
224.83 227.5 204.19
190.95 190.67 100.86
177.42 161.87 194.83
260.86 130.72 204.08
229.44 296.17 188.61
230.25 227.06 213.22
285.87 121.65 181.7
216.18 160.59 226.43
235.56 227.58 157.12
155.02 128.31 233.37
126.85 133.99 289.71
163.88 234.23 269.04
248.26 249.2 159.88
221.66 156.0 221.11
281.25 294.44 273.94
256.52 203.83 163.34
217.97 138.02 217.21
245.14 289.44 175.05
108.17 239.82 145.24
117.9 299.23 226.37
278.67 155.81 184.8
204.79 274.97 198.3
254.21 210.8 170.13
274.16 254.66 152.18
115.8 294.42 196.85
222.44 117.09 140.12
212.26 262.68 155.63
211.22 279.54 224.28
279.26 262.65 115.99
197.92 131.21 225.36
126.74 125.0 132.28
198.34 113.29 151.06
159.94 199.24 151.45
267.91 155.55 290.98
218.36 285.98 214.68
245.78 191.0 186.11
254.45 211.11 247.92
127.11 128.9 109.97
223.94 215.7 277.38
184.19 231.21 133.49
224.84 240.27 298.75
295.97 133.09 105.82
113.08 153.05 256.71
197.73 171.03 137.61
278.19 215.5 234.96
146.29 150.2 124.6
138.99 218.44 294.79
194.7 146.12 123.64
196.19 110.76 162.66
180.45 155.4 268.8
207.73 217.6 237.41
272.13 247.53 264.8
255.21 122.61 263.73
122.62 143.11 272.6
157.25 196.79 228.28
274.24 224.68 270.83
228.05 186.78 258.25
127.46 168.52 200.89
104.92 260.41 111.96
166.53 228.94 119.62
121.88 160.65 158.87
184.71 253.08 279.75
227.8 228.51 117.1
264.23 199.6 234.58
151.88 246.95 285.97
123.51 241.59 210.65
254.23 278.99 159.97
199.35 256.37 116.28
268.8 103.58 236.25
146.63 112.84 207.28
149.81 132.44 101.27
222.75 240.92 156.39
221.94 259.49 220.43
293.0 115.27 125.64
101.53 241.65 178.55
270.74 189.71 251.11
140.52 287.42 214.81
236.3 210.12 281.39
135.83 198.02 232.41
168.08 188.28 193.38
269.53 120.39 143.77
119.4 182.63 158.56
178.42 180.06 228.69
161.83 215.62 249.5
106.27 194.62 172.03
151.5 250.13 223.58
165.27 222.08 232.63
113.15 209.09 153.36
177.31 185.09 100.06
293.66 212.74 226.2
211.91 163.66 267.95
146.57 181.78 271.28
293.93 151.02 235.45
220.74 289.83 149.74
219.77 185.97 281.45
268.79 194.49 262.82
291.58 229.04 235.7
234.06 269.63 241.8
103.17 117.95 199.67
161.05 104.4 182.46
170.59 182.13 164.39
177.17 239.37 258.6
104.58 185.39 164.36
112.05 294.81 167.73
169.9 212.21 184.25
125.69 224.97 175.97
206.56 215.75 295.05
137.59 152.43 164.84
282.81 138.48 238.1
270.02 267.98 257.83
143.91 189.26 111.25
249.74 166.7 246.62
184.44 147.74 299.15
108.06 242.75 247.1
157.96 220.72 296.29
261.06 268.73 261.62
249.43 211.92 113.25
161.75 263.71 131.61
164.76 265.64 143.11
208.35 131.07 147.74
200.51 111.06 231.52
256.5 188.38 156.2
215.77 148.66 214.49
270.31 213.93 130.44
298.47 185.01 293.65
150.2 278.22 153.5
139.76 144.27 178.41
225.16 246.36 298.29
119.96 145.56 142.49
291.94 126.13 146.96
251.9 282.68 181.34
252.85 198.1 164.62
130.3 206.2 193.75
172.69 225.42 145.6
237.31 174.96 198.29
239.11 116.27 221.52
259.43 176.03 273.9
290.38 120.38 287.97
248.68 204.86 239.43
170.17 200.34 227.47
255.16 213.13 188.18
292.36 244.2 263.51
193.78 135.63 290.58
213.08 297.87 137.37
270.75 167.36 199.57
215.28 230.54 144.59
162.65 241.33 167.14
245.25 157.59 102.8
160.37 189.99 237.71
269.02 242.86 155.88
159.8 283.85 196.17
127.58 229.67 232.71
177.62 229.19 221.02
224.89 112.37 177.86
116.96 117.17 251.44
220.45 106.63 128.42
168.45 174.35 234.82
119.99 260.71 178.78
141.49 161.16 239.04
298.07 252.99 124.81
120.53 232.18 260.17
116.31 277.76 204.98
109.3 283.51 107.68
277.69 171.66 230.41
234.78 137.57 271.25
268.61 212.17 112.16
158.46 194.05 193.53
287.66 180.27 273.81
158.6 285.91 120.45
293.83 190.9 118.58
274.51 184.15 298.35
259.3 296.15 217.31
113.46 167.28 153.57
151.22 115.7 122.65
204.09 156.52 272.78
190.63 177.12 260.74
119.8 240.64 261.97
251.7 217.67 228.59
256.65 166.12 208.4
260.85 219.23 243.09
121.59 151.49 110.24
298.03 296.9 262.95
173.46 286.06 239.82
173.18 177.01 178.34
163.4 105.33 135.51
245.96 231.02 100.0
199.06 273.95 150.42
186.19 264.57 119.68
235.9 157.15 210.06
250.03 105.78 220.57
148.55 293.53 168.88
237.83 273.94 281.24
227.98 125.88 122.66
169.3 217.95 115.15
106.25 256.16 283.13
296.05 198.54 294.19
142.28 161.47 141.9
108.39 203.89 260.51
207.13 243.28 286.3
228.07 155.77 183.09
234.15 258.6 133.3
127.04 152.82 103.55
133.42 205.04 214.56
286.07 132.1 253.5
176.05 267.48 140.29
178.23 299.38 127.91
177.61 235.62 288.93
132.72 189.66 130.41
101.54 116.29 247.69
263.48 183.98 188.38
280.33 251.16 163.88
174.05 177.37 162.57
110.23 273.62 233.82
253.43 281.43 252.32
240.61 102.87 148.07
222.83 248.69 155.68
189.43 135.54 199.66
168.65 177.78 103.82
183.39 102.66 262.84
197.88 159.02 160.58
176.27 184.33 216.24
128.15 140.89 224.25
244.66 160.75 110.42
288.51 108.2 163.92
182.64 299.76 117.65
178.45 239.0 247.32
206.22 145.62 212.92
132.26 293.84 112.86
253.47 288.58 182.63
184.14 279.98 111.57
113.5 139.27 119.67
161.41 185.0 201.45
112.57 259.88 230.84
106.51 249.94 151.78
132.71 110.63 158.21
123.15 207.23 181.39
115.68 289.08 204.04
184.21 109.66 195.49
217.68 204.26 132.33
233.53 235.52 169.6
109.5 233.92 102.84
177.81 156.26 277.68
214.29 179.49 165.11
280.47 104.03 170.17
126.83 248.84 114.69
123.31 259.12 164.1
245.37 102.13 191.83
255.95 164.95 149.29
135.14 116.91 210.64
159.51 209.25 184.56
175.9 292.7 255.8
165.04 285.77 217.88
126.44 124.94 238.22
294.25 169.44 298.2
171.03 258.19 115.46
130.68 241.51 221.08
119.48 292.26 110.0
143.6 155.88 237.63
250.21 160.3 294.1
109.08 122.95 135.04
195.15 103.34 122.32
245.75 135.2 188.6
204.14 275.0 206.21
167.31 250.11 287.82
255.41 121.38 158.04
190.22 139.87 150.44
124.31 157.11 199.4
107.07 294.37 107.55
167.26 171.67 141.32
231.52 199.99 186.25
234.34 171.75 174.4
122.03 225.73 120.48
116.55 278.97 125.31
262.21 143.25 191.56
266.31 127.09 241.59
165.94 241.2 289.49
139.87 206.17 178.39
175.37 279.33 228.79
242.98 182.81 184.53
188.84 278.81 253.9
200.41 269.88 280.59
279.47 122.87 275.74
230.77 170.08 221.15
249.64 178.61 158.31
167.99 246.69 241.16
216.93 193.9 115.41
174.11 159.57 270.42
145.85 265.56 207.47
263.03 168.37 274.12
263.23 259.0 203.67
100.52 129.59 100.52
285.78 117.35 240.98
265.86 131.66 155.17
190.92 216.77 116.14
191.55 182.03 116.43
276.0 240.33 156.18
161.18 145.04 124.02
249.88 125.56 247.01
234.72 285.75 209.89
274.05 142.48 155.11
127.77 165.92 137.04
205.09 273.26 130.35
124.76 281.11 119.82
250.42 275.37 102.0
248.41 292.85 133.44
226.38 234.28 213.26
268.2 296.05 110.56
213.79 152.99 150.45
224.41 268.22 145.82
180.25 249.68 193.18
246.03 149.67 118.4
215.38 135.27 192.17
274.32 293.11 190.7
131.09 279.29 286.39
191.87 168.25 176.94
170.95 119.57 170.7
249.9 262.47 196.99
161.3 195.84 257.72
218.05 172.44 276.35
184.06 261.39 182.66
169.47 104.86 281.51
298.84 135.61 172.56
232.68 297.49 257.85
156.66 255.28 155.77
200.57 112.68 236.16
134.02 114.88 283.73
272.6 163.7 228.03
163.03 263.7 184.28
121.67 226.09 152.54
294.2 199.42 157.97
127.43 259.74 159.71
101.73 155.59 225.26
226.87 281.45 261.11
252.75 227.54 131.25
159.35 240.02 132.8
276.96 239.94 135.36
223.7 128.14 121.21
177.26 198.39 271.2
155.52 256.72 104.03
267.35 147.09 170.4
214.09 212.01 298.95
168.73 153.03 154.62
253.35 198.87 271.77
221.6 281.23 268.56
209.51 272.64 266.05
255.07 213.98 177.09
251.87 141.49 236.36
122.77 205.51 147.09
232.17 106.43 179.55
143.76 265.04 219.65
297.86 205.84 275.78
168.74 257.41 198.82
134.51 273.47 226.0
299.12 131.64 177.51
133.23 108.71 283.51
267.42 178.79 266.58
260.23 133.02 248.62
289.35 170.55 264.34
164.12 164.52 291.31
166.29 208.28 164.93
136.71 144.9 276.67
207.87 261.02 281.62
203.39 263.42 160.35
264.6 156.23 109.64
146.2 209.26 123.26
266.05 199.86 206.77
216.71 136.18 116.21
140.19 179.15 160.95
138.85 270.91 196.7
110.0 149.93 296.11
154.8 244.96 125.23
224.67 177.73 125.52
193.75 118.16 274.04
192.33 124.54 284.67
101.82 166.98 144.49
201.3 180.88 223.0
263.51 104.68 222.97
170.39 187.79 275.0
208.9 154.1 113.26
222.84 244.29 281.09
276.25 167.81 199.53
100.16 231.65 201.54
246.25 115.54 185.7
147.4 257.03 256.64
226.61 197.3 281.71
165.88 109.5 219.44
290.75 147.92 131.93
230.86 266.84 225.15
265.34 238.89 195.04
112.09 162.55 168.08
141.13 295.24 268.21
236.16 196.66 276.39
158.0 157.23 210.88
274.62 171.15 153.31
101.7 216.23 157.05
150.64 174.81 140.44
214.6 163.87 264.68
105.4 154.9 217.68
156.33 215.64 158.65
205.27 293.14 213.43
254.14 231.47 263.97
226.05 125.7 235.11
164.91 279.11 237.44
245.76 158.39 170.81
115.95 237.05 111.17
188.62 229.78 197.79
285.47 147.44 104.55
194.15 244.22 110.87
230.07 270.99 128.32
244.54 203.95 136.15
202.03 231.78 175.55
157.82 200.86 225.23
286.52 288.22 121.81
184.34 114.44 153.73
190.94 160.4 130.55
155.42 129.68 126.44
110.82 257.42 131.59
273.46 295.72 216.8
191.32 197.06 215.92
206.76 144.99 165.3
105.02 225.18 265.88
294.67 280.09 152.17
229.37 160.36 230.45
174.5 233.35 251.03
268.06 151.99 185.99
108.88 214.12 171.09
240.17 286.11 248.48
194.07 113.38 296.36
288.86 183.48 116.04
241.95 167.97 147.88
129.67 290.13 263.08
206.93 181.44 260.07
229.3 192.57 277.71
235.48 131.25 223.32
196.47 297.92 218.36
195.33 143.22 208.47
117.06 162.37 293.29
266.91 238.17 129.83
219.89 283.18 219.09
292.88 157.69 149.76
288.01 253.52 269.14
123.75 207.76 137.53
171.28 173.47 195.47
193.61 179.92 244.29
237.16 187.48 123.82
275.96 245.42 204.15
172.34 293.56 158.93
290.32 201.2 212.91
213.3 143.46 136.76
170.02 197.82 292.29
278.82 238.37 251.07
223.99 226.57 283.84
277.68 156.19 265.13
219.4 263.74 134.28
142.15 220.28 279.09
163.17 138.27 119.31
230.35 163.69 213.23
185.2 144.65 105.1
259.47 127.76 169.14
233.59 299.72 224.33
137.26 295.4 267.21
198.14 222.07 280.82
268.16 180.03 196.38
281.76 202.13 280.1
114.05 132.78 169.43
186.15 229.55 266.29
105.23 158.99 147.48
122.87 252.56 188.02
252.12 231.79 181.81
232.39 105.89 264.29
161.66 185.26 271.46
208.53 218.97 200.67
156.56 130.46 153.86
296.64 116.65 155.07
182.93 283.69 139.21
127.42 173.41 280.4
274.03 131.55 173.69
191.62 235.65 121.5
245.29 233.71 107.89
243.21 137.82 235.68
110.46 199.33 241.84
164.94 248.2 155.28
229.24 298.95 164.55
182.04 239.5 265.57
242.11 284.15 299.36
109.91 213.76 265.83
162.1 134.44 190.08
200.99 299.61 204.88
279.23 290.71 269.03
282.47 228.96 228.42
253.32 174.86 127.36
129.24 101.34 243.58
200.98 103.62 163.98
193.94 246.63 240.78
161.6 286.3 290.73
126.05 115.79 161.96
281.49 203.27 241.75
185.37 133.81 263.38
167.13 174.11 260.91
299.94 276.93 156.32
193.37 238.21 275.09
250.94 229.84 178.46
203.85 283.82 180.37
101.32 243.31 168.01
219.01 249.44 243.29
264.48 267.7 181.0
155.48 226.19 198.26
155.21 197.57 297.76
183.75 285.04 193.1
219.68 213.87 182.85
192.07 233.08 200.59
250.65 193.83 152.84
298.71 164.96 223.02
196.56 186.25 227.62
194.3 287.95 178.56
269.65 253.24 165.16
238.63 196.55 194.46
184.54 243.54 181.9
167.93 214.95 268.99
202.95 207.73 132.01
149.31 200.27 296.01
294.33 293.34 137.56
219.59 130.6 150.95
167.0 132.18 138.54
291.71 220.82 270.12
212.92 227.64 271.69
106.08 287.91 245.25
146.06 148.7 111.22
278.88 250.49 209.07
187.08 229.13 121.35
120.23 225.22 203.4
162.11 105.43 233.26
246.67 282.59 167.47
295.29 165.99 176.49
129.22 244.75 258.85
204.11 131.86 217.08
236.17 288.44 196.89
102.52 220.56 182.34
268.69 211.49 168.03
124.61 247.13 215.34
149.43 250.14 182.8
154.66 171.57 276.06
218.16 117.21 175.16
294.45 216.81 289.44
139.63 265.88 171.11
286.93 132.08 144.33
126.8 148.38 252.65
146.83 223.23 177.67
105.01 298.13 107.64
199.15 208.86 206.68
285.34 116.05 235.71
137.35 173.55 137.94
156.25 281.08 183.87
148.83 231.58 271.09
176.33 216.3 176.84
282.67 133.89 121.18
201.16 233.13 109.28
254.98 227.28 294.18
174.38 165.23 285.99
228.23 280.99 104.65
128.91 194.48 244.77
165.16 276.25 221.29
237.63 180.08 232.17
216.59 116.2 147.23
226.96 252.19 107.46
153.44 152.7 164.29
116.35 280.19 237.24
280.01 106.21 176.55
165.91 135.05 271.48
227.13 131.35 181.62
247.44 117.88 114.21
223.72 281.68 176.0
127.73 198.89 188.04
162.32 165.4 249.24
277.55 287.92 197.34
285.67 264.19 113.94
256.26 233.72 257.22
223.37 242.9 216.73
148.12 138.28 160.54
237.35 191.52 100.14
201.22 162.1 250.91
116.53 182.42 280.88
258.64 269.55 176.14
296.66 256.05 230.2
150.36 140.91 106.2
181.42 195.21 167.92
105.64 194.73 174.07
125.36 244.46 284.55
248.86 234.77 165.44
269.09 163.84 151.28
259.11 102.16 212.05
271.15 142.09 201.83
202.02 257.27 251.8
191.85 273.7 236.18
263.66 140.58 201.0
126.14 133.05 265.79
261.26 129.87 181.91
149.06 131.04 294.81
271.31 297.07 282.76
112.62 169.47 121.05
144.18 129.58 250.42
238.1 179.96 287.37
229.89 176.07 291.24
125.44 224.96 183.3
219.64 173.12 202.86
293.47 143.6 119.01
199.76 292.57 133.25
242.8 299.58 162.79
270.05 233.0 137.3
214.76 266.01 234.48
274.84 268.85 142.57
294.73 109.3 279.25
294.5 208.07 214.61
281.44 281.14 134.34
299.35 113.9 263.52
248.77 114.4 223.75
155.26 141.87 294.28
225.52 187.17 213.05
133.07 235.49 158.16
131.35 143.1 275.67
239.78 116.03 128.05
239.9 288.76 141.0
288.36 248.31 298.47
223.33 218.01 163.58
196.76 142.64 218.25
265.89 160.27 264.18
121.46 206.77 266.09
277.7 272.31 110.88
252.42 201.29 175.62
190.53 203.71 242.57
191.33 118.62 167.31
136.52 266.95 181.07
294.37 258.69 188.58
274.72 146.44 238.94
269.11 254.25 270.72
255.06 138.63 220.19
119.08 238.53 130.57
114.49 269.18 263.53
150.98 229.14 112.34
159.63 189.48 222.73
287.42 283.89 126.54
129.39 170.07 253.37
164.45 284.54 210.17
263.56 189.79 138.27
169.98 170.21 276.85
215.71 217.03 294.39
187.54 298.92 211.36
164.2 121.35 167.2
120.67 141.77 144.87
223.62 131.7 106.49
246.87 149.44 163.33
178.68 119.84 227.02
147.29 266.37 256.21
299.44 230.87 217.02
209.67 208.22 216.37
144.5 127.41 103.51
100.09 207.78 222.3
261.91 276.36 277.28
105.05 217.21 152.01
261.55 224.7 228.13
130.97 145.96 207.62
259.44 159.63 164.38
105.51 197.32 121.0
220.97 289.48 278.03
232.72 142.37 283.07
241.36 217.32 200.05
151.81 230.48 224.38
285.14 286.7 154.29
276.94 113.1 152.74
234.91 125.06 225.18
219.81 279.83 298.45
101.65 168.14 140.35
282.82 247.68 136.3
271.8 257.48 265.82
235.31 118.81 143.32
143.59 153.46 192.61
111.43 291.88 247.9
185.09 168.95 281.86
253.62 218.15 292.13
258.69 179.84 142.58
134.77 142.39 144.76
180.46 293.71 243.86
141.81 272.8 158.82
139.04 170.87 155.99
112.23 155.39 212.67
244.82 148.55 293.72
161.53 105.13 166.85
244.24 103.46 189.55
151.76 208.66 152.79
270.78 293.05 132.03
132.54 158.77 298.87
127.2 173.53 226.12
220.79 225.01 275.04
140.04 296.6 268.51
188.27 127.3 112.93
267.15 273.96 212.93
237.74 137.71 268.44
198.83 232.93 165.81
163.27 293.25 161.76
282.66 260.42 254.75
233.87 162.3 264.72
212.08 247.76 165.39
272.35 215.76 279.7
235.06 113.4 281.91
174.18 239.75 196.24
255.23 131.26 261.68
236.69 203.59 240.71
299.23 271.76 243.53
261.63 239.41 213.52
295.62 185.07 245.0
177.52 243.09 224.92
185.47 139.11 262.36
242.55 197.97 159.58
243.18 262.74 171.4
191.34 282.95 206.11
161.94 134.42 112.89
199.26 259.95 199.11
248.27 220.36 260.9
182.78 161.51 225.1
237.03 247.83 136.08
149.37 172.97 289.68
163.79 274.42 154.12
275.35 169.42 263.22
282.56 197.8 219.96
171.96 234.35 132.0
132.5 179.55 111.64
226.09 136.71 162.95
172.58 130.96 270.35
105.26 250.72 134.98
251.72 259.11 156.19
209.26 147.88 172.73
228.46 170.78 167.52
216.09 278.65 210.38
250.41 106.39 154.73
102.99 126.67 149.1
244.8 285.5 280.37
240.9 271.0 183.38
167.23 293.23 289.94
133.31 124.49 144.4
143.27 126.14 241.88
191.77 186.34 276.25
287.64 155.26 147.56
129.17 122.27 190.9
215.74 293.67 287.46
277.58 292.09 181.59
263.27 278.84 183.4
260.91 198.45 292.17
151.53 256.88 286.29
292.84 287.12 171.21
183.1 228.14 277.21
259.46 148.37 294.46
126.95 280.87 297.6
130.13 239.29 288.88
173.73 295.22 169.99
239.7 291.53 207.87
126.97 218.74 102.5
199.32 195.75 299.92
246.19 147.85 275.51
242.12 146.06 206.79
265.21 147.11 174.7
133.22 286.38 158.53
199.4 275.76 292.49
129.88 136.36 194.7
231.04 179.19 292.07
214.21 221.76 286.64
296.4 143.53 258.21
263.13 261.23 291.67
227.04 111.7 203.8
166.31 286.4 292.77
115.53 261.99 120.38
203.36 219.76 119.86
262.12 223.13 127.84
208.68 163.46 207.46
143.04 284.55 119.95
263.06 273.36 122.12
274.21 209.32 288.54
280.82 227.93 239.77
241.0 224.56 176.6
181.39 121.18 103.69
139.61 214.84 150.56
240.12 185.15 144.24
105.0 156.54 248.38
242.68 223.84 102.37
245.55 189.55 131.89
117.47 209.42 288.08
218.59 250.9 228.06
211.21 187.18 165.42
121.7 100.95 176.77
111.56 140.37 110.37
164.38 271.33 108.39
194.77 214.08 210.13
137.95 199.13 260.54
225.57 249.17 122.73
159.86 168.8 104.61
190.64 290.24 248.33
121.91 230.34 246.06
190.16 195.88 225.85
159.38 290.89 149.52
252.13 227.23 204.41
183.79 259.26 282.56
167.47 261.1 106.32
230.45 158.91 179.0
238.92 299.29 297.26
208.55 249.87 245.31
286.53 210.83 187.4
111.53 109.11 284.81
171.68 287.18 232.3
299.25 140.43 198.89
203.25 204.8 107.84
154.0 197.47 294.12
225.71 230.28 289.0
287.91 170.66 221.26
245.8 191.11 293.05
1
2
0
0
0
0
2
0
1
1
2
0
2
1
0
1
0
0
2
0
2
2
1
0
0
0
1
0
1
1
0
0
2
0
2
2
1
2
0
0
1
1
0
2
0
2
1
2
2
1
2
2
1
2
1
2
0
0
1
0
0
1
1
1
0
1
1
0
2
1
0
1
0
2
2
2
2
1
1
2
1
2
0
0
2
1
0
1
2
0
0
0
2
2
1
0
0
1
2
2
0
1
0
1
2
0
2
1
1
2
1
1
0
2
0
2
0
1
1
1
1
0
0
2
2
0
2
0
2
1
0
2
0
2
1
1
1
2
0
1
1
0
1
2
1
2
2
2
2
0
1
0
0
2
0
1
1
1
2
1
0
2
1
2
2
2
2
2
0
0
0
0
2
0
0
1
2
2
1
1
1
0
2
2
1
0
2
2
0
0
1
1
1
0
2
0
2
1
0
2
2
0
2
0
1
2
1
2
1
1
1
0
1
1
0
2
2
0
2
0
0
2
1
1
2
1
2
2
1
2
2
0
1
1
2
2
0
1
0
1
0
1
2
2
2
1
2
2
1
2
1
0
0
0
0
2
1
2
2
0
1
0
0
0
0
1
1
1
2
2
1
1
2
0
1
2
2
2
1
1
1
1
1
1
1
2
0
2
1
1
1
1
2
1
2
1
2
1
2
0
1
1
2
1
0
1
0
0
2
2
0
0
2
1
1
2
2
0
1
0
1
1
1
1
2
2
2
0
0
2
1
0
0
2
2
1
1
1
1
2
0
1
2
1
1
0
0
2
1
2
1
0
0
2
0
0
2
2
1
2
1
1
2
2
0
2
1
1
2
2
0
2
1
2
2
0
2
2
1
0
0
2
2
2
2
0
1
1
1
2
0
2
0
1
0
2
2
2
0
0
2
0
2
0
2
0
2
0
0
1
2
0
2
2
2
1
1
0
0
1
1
1
0
2
0
0
2
0
0
1
1
1
0
0
1
1
1
0
1
1
1
0
1
2
2
2
1
0
1
0
0
1
1
2
0
1
2
0
1
1
0
2
1
1
0
2
0
0
1
1
0
2
2
2
0
2
1
2
1
0
1
0
1
1
1
2
2
0
2
0
2
2
0
2
1
1
1
0
0
0
0
2
0
0
0
2
2
0
0
1
0
1
2
0
1
0
1
0
1
0
2
1
2
1
0
1
0
1
1
2
0
1
2
2
1
0
2
1
1
2
2
0
2
0
2
2
1
1
0
1
0
2
1
2
0
1
2
1
0
2
1
0
0
1
2
2
1
0
1
1
0
1
2
2
1
2
0
1
2
1
2
0
2
1
0
2
2
1
2
2
0
1
1
0
0
0
0
2
2
1
2
1
0
1
1
0
0
1
0
2
2
2
2
2
0
2
1
0
1
0
0
2
1
2
0
1
1
2
0
2
0
0
0
0
2
2
0
0
2
1
0
2
0
2
2
0
1
0
0
2
2
0
1
0
1
1
1
1
1
2
2
2
1
1
1
1
1
2
2
1
0
0
0
0
0
0
2
1
0
0
2
1
2
1
2
1
1
1
0
2
2
0
0
2
0
0
1
1
1
0
1
0
1
0
2
0
0
0
1
2
1
0
2
0
0
0
1
0
1
1
1
0
1
2
0
1
2
1
1
1
2
2
2
1
1
2
0
2
1
0
1
1
2
2
1
1
2
2
1
2
1
0
1
1
0
2
2
2
2
1
1
1
0
2
2
1
1
1
1
1
2
0
1
1
2
1
0
2
2
0
1
1
1
1
1
0
1
0
1
1
0
0
1
1
0
1
1
1
0
1
2
0
0
1
1
0
2
1
2
1
0
2
0
1
1
2
1
1
2
0
0
0
1
0
0
2
2
0
0
2
0
0
1
1
1
2
1
0
1
1
2
0
2
2
2
1
2
0
1
0
2
2
2
0
0
0
1
2
2
1
0
2
2
0
0
0
2
1
1
0
0
2
1
0
2
1
0
0
0
1
2
1
0
2
0
1
2
2
0
1
0
1
1
1
2
2
2
1
1
1
0
1
2
2
1
1
2
2
0
1
0
0
1
1
1
0
2
1
2
1
0
1
0
2
2
1
2
1
2
1
2
0
1
2
1
0
2
2
2
1
1
1
0
2
1
1
1
2
1
0
2
2
1
1
0
0
2
0
0
1
1
1
1
2
2
0
2
1
0
1
0
1
0
2
1
1
1
2
1
0
1
0
0
1
1
0
0
2
2
2
1
0
0
1
0
0
1
1
2
0
500 500
108.31 187.03 207.57
291.54 202.84 116.64
225.72 283.54 206.62
212.36 221.23 103.29
206.0 159.07 228.3
131.75 212.33 196.84
218.3 111.92 256.24
273.7 213.26 250.31
171.8 225.38 276.37
255.57 170.8 180.89
205.71 286.27 194.54
152.54 277.54 126.39
134.3 119.9 122.35
131.38 167.58 168.14
157.4 252.62 246.64
255.15 166.96 293.03
135.37 297.02 161.72
265.22 210.32 178.8
245.72 299.32 162.48
115.89 169.92 299.54
266.15 151.26 165.53
118.65 217.06 284.71
245.86 226.38 280.23
103.93 274.62 226.1
223.52 112.92 220.76
262.49 200.67 180.01
209.87 123.68 166.54
125.87 268.4 189.7
169.02 168.79 163.0
207.6 281.81 264.42
101.87 165.22 252.18
263.71 208.88 265.55
192.11 276.42 258.44
186.55 234.45 179.86
250.89 193.31 234.93
191.68 119.6 266.32
249.27 281.9 152.8
187.48 179.07 177.69
154.46 137.96 243.92
189.5 274.44 213.83
263.63 144.2 104.07
169.68 156.69 199.77
118.11 127.43 224.86
272.92 260.74 237.9
251.67 105.85 261.65
229.98 233.02 145.63
211.58 146.66 147.11
129.91 279.31 283.09
271.17 129.14 126.46
118.47 298.14 226.81
143.73 131.4 196.61
190.67 147.76 200.84
235.66 239.15 119.99
207.01 250.04 208.72
166.06 110.08 270.29
272.15 126.42 268.62
185.34 105.65 146.46
109.87 188.62 217.13
219.32 246.24 269.2
278.87 286.72 227.51
128.48 246.41 233.73
233.44 125.68 251.82
177.75 234.13 264.79
152.93 226.27 134.72
213.18 182.41 108.75
225.77 113.93 231.28
114.44 275.4 146.42
176.12 174.51 234.16
287.07 157.65 194.23
125.35 254.22 229.37
171.91 272.74 206.84
175.3 142.82 295.1
223.31 219.77 150.04
245.45 226.02 251.69
187.83 121.8 141.44
193.27 199.4 177.91
189.48 150.73 297.05
112.22 136.7 106.54
298.87 214.65 245.37
208.19 201.83 275.9
165.79 161.02 102.32
210.94 190.01 123.87
135.98 162.93 295.3
137.4 266.68 179.22
228.68 254.3 162.37
206.4 203.75 285.71
222.6 241.78 273.79
202.25 192.85 226.52
231.47 256.36 236.52
241.25 279.23 227.07
103.29 131.57 242.72
121.93 115.55 248.21
153.62 117.76 150.96
139.24 123.61 282.92
226.5 172.4 286.8
227.35 227.05 298.17
120.18 281.62 293.04
276.13 160.76 178.66
249.33 178.52 265.54
278.05 191.43 272.56
252.44 178.97 191.9
259.96 219.67 105.3
197.65 295.35 225.38
172.17 168.58 191.03
271.72 132.95 138.33
165.39 214.89 216.0
167.67 293.59 144.47
250.24 116.55 117.77
168.05 119.52 151.91
132.7 180.11 276.6
224.49 273.58 299.17
229.41 161.32 118.24
296.84 274.98 107.59
262.26 170.18 238.2
173.78 212.36 108.27
186.77 277.41 154.47
137.54 239.39 212.82
170.87 214.3 279.73
185.13 121.42 189.25
135.58 297.29 219.34
136.26 188.1 133.66
285.29 277.18 130.23
276.57 175.34 120.15
254.08 205.09 128.85
269.29 222.56 291.84
106.0 192.05 296.66
222.46 120.63 230.32
243.52 245.13 195.78
232.79 182.33 245.32
106.02 167.4 177.2
178.85 287.78 292.34
185.76 177.81 260.33
243.78 151.13 237.1
243.09 184.39 231.66
166.36 132.4 183.22
255.18 259.79 272.79
132.34 183.46 283.46
298.35 275.34 161.17
129.16 148.81 298.06
164.58 153.69 165.0
298.43 183.43 116.06
234.64 249.22 153.17
116.45 225.03 198.6
231.16 294.16 150.99
190.24 191.14 283.15
118.66 237.62 289.76
140.93 206.38 166.2
229.63 266.09 176.64
283.52 287.51 199.94
284.43 103.63 189.39
198.08 144.76 132.59
164.86 140.81 222.69
196.53 200.56 141.93
227.72 278.2 287.02
266.69 291.17 227.63
157.59 145.23 183.17
164.57 140.73 104.34
249.84 249.92 297.58
151.47 111.99 285.13
294.65 129.89 279.99
167.76 245.5 165.1
248.14 144.15 153.74
282.39 164.35 298.97
250.8 264.81 293.71
163.58 297.55 131.28
240.06 152.21 258.18
202.96 227.04 153.78
292.34 130.35 281.32
183.92 166.07 141.15
172.77 116.0 129.54
285.88 102.75 123.83
226.02 218.28 163.96
265.9 208.17 223.01
139.64 180.19 237.53
257.81 122.65 205.24
273.45 193.56 180.95
154.36 174.01 207.83
178.61 255.89 277.79
174.61 139.19 137.14
164.25 125.16 188.48
232.08 248.02 197.11
101.29 204.2 153.01
227.89 221.77 296.26
165.2 192.82 152.27
268.41 114.31 276.44
231.53 274.17 292.67
168.64 170.44 135.16
198.66 100.65 125.06
109.79 243.01 233.18
279.44 117.78 151.56
191.3 163.15 241.85
146.59 164.69 297.63
265.33 165.45 231.17
184.45 198.0 107.3
203.4 161.68 274.94
127.8 168.57 262.24
101.39 280.69 266.41
143.68 106.3 184.06
170.09 135.66 234.22
222.57 283.39 143.86
171.78 242.47 111.68
123.36 110.93 213.29
125.64 198.41 276.41
272.33 232.67 192.13
103.38 107.68 140.02
208.0 186.84 250.5
206.86 104.25 207.9
137.98 240.58 289.2
149.47 129.79 203.87
253.54 125.9 283.57
270.13 103.6 211.76
296.61 244.24 274.23
211.51 120.75 115.9
130.89 171.71 250.16
194.86 254.95 159.45
299.33 140.11 164.96
108.71 242.69 166.46
158.18 235.1 234.18
195.59 216.88 171.64
178.91 258.46 270.96
263.25 150.01 114.86
207.31 242.68 178.49
186.97 147.98 124.2
247.66 215.27 206.15
211.0 208.72 265.63
228.71 141.65 292.25
227.4 185.56 197.53
129.81 259.67 108.63
231.79 168.51 294.01
299.26 159.48 246.29
277.6 206.83 238.55
162.97 177.75 176.22
232.02 144.77 231.29
191.54 138.83 240.02
271.06 147.38 203.53
116.72 149.92 286.7
245.94 190.33 154.76
225.65 216.72 119.15
183.07 113.57 262.96
208.88 257.06 195.64
225.43 149.64 120.18
122.82 256.93 249.27
142.36 209.18 254.41
175.12 173.45 184.29
102.07 120.98 168.87
207.75 261.48 129.76
181.95 138.09 231.59
245.67 176.39 189.15
297.56 259.8 295.01
179.97 157.22 115.79
116.68 210.85 120.65
124.3 252.52 158.39
123.18 290.94 257.46
153.14 184.36 133.9
257.24 284.88 225.77
119.36 262.55 187.19
121.18 225.05 293.7
196.82 171.99 118.36
214.25 113.11 127.93
288.81 258.38 212.14
290.16 178.48 117.47
112.29 138.39 175.32
221.81 286.93 266.81
164.07 120.64 282.13
233.96 258.04 204.29
234.79 249.46 117.11
276.07 251.88 292.35
237.19 170.41 291.88
166.57 119.17 242.03
252.48 213.62 167.48
276.91 173.85 124.97
125.2 146.79 124.33
190.51 285.34 250.79
148.31 250.79 202.97
217.74 274.64 258.49
173.75 214.42 152.81
227.31 127.87 294.88
210.26 223.86 155.04
173.25 247.91 288.64
240.89 243.68 247.0
144.69 143.16 248.15
215.55 109.69 287.8
258.89 298.93 106.35
198.31 189.46 188.96
170.83 264.41 241.3
286.25 163.35 182.03
165.53 262.64 254.28
215.2 147.48 121.98
105.27 224.48 272.26
132.08 260.03 167.63
249.93 139.17 262.61
175.72 241.89 133.54
100.79 163.41 124.28
214.87 288.57 185.89
149.01 283.28 260.19
216.19 291.61 154.24
100.12 224.87 119.24
215.56 260.39 181.41
147.12 190.55 268.03
235.42 277.11 178.42
119.47 142.94 127.25
230.19 294.39 210.84
114.95 104.28 176.68
126.79 204.06 283.56
251.32 171.02 180.25
279.65 105.8 250.57
280.51 180.84 145.71
194.0 135.14 197.05
147.36 265.89 203.46
136.06 263.98 229.91
140.6 202.43 183.86
244.92 265.31 281.16
207.71 284.05 261.17
294.61 197.94 131.67
231.26 291.09 242.31
169.54 212.49 112.57
274.12 115.72 217.63
292.1 123.85 130.06
292.47 154.65 188.11
261.19 112.81 100.69
138.69 255.26 253.35
124.54 178.5 230.72
167.28 191.38 222.88
148.41 181.71 261.27
202.07 236.63 138.32
208.56 129.65 161.48
116.8 288.9 132.22
263.36 219.92 247.85
237.79 257.45 220.56
144.89 100.57 277.84
243.48 181.57 249.66
213.68 183.35 251.84
127.08 170.85 197.07
240.88 185.78 297.99
270.56 206.78 163.74
182.44 116.01 146.16
286.1 120.55 296.83
199.6 298.09 149.25
245.23 293.15 130.91
108.23 147.77 158.61
158.89 225.49 195.44
196.42 198.19 185.36
120.35 170.59 247.78
286.48 175.46 179.4
274.29 178.07 138.74
134.39 263.47 183.55
165.24 239.68 186.89
267.86 272.12 166.25
239.81 119.19 253.33
284.0 116.09 102.95
277.91 141.0 129.44
253.49 192.71 212.13
105.8 103.73 206.04
185.93 263.15 133.23
155.98 176.66 185.02
259.02 238.91 260.37
244.32 113.64 263.29
234.44 279.84 279.36
196.05 195.31 184.2
227.5 200.46 272.17
251.83 233.52 148.17
275.66 226.07 177.92
143.25 260.34 137.76
267.01 118.82 229.22
115.09 199.67 233.69
294.21 223.61 128.08
271.78 167.33 282.02
262.02 245.73 292.65
136.54 152.77 260.66
119.87 248.4 184.99
239.36 234.0 109.09
228.26 279.38 113.6
294.95 122.58 182.92
166.05 153.17 278.73
214.57 188.71 170.03
244.96 225.69 163.41
295.79 124.22 102.58
126.99 228.02 103.49
201.88 165.8 253.92
110.18 289.3 299.85
220.98 159.27 244.05
251.65 225.92 139.3
261.21 130.52 264.83
215.72 143.3 102.04
189.51 208.75 128.2
105.16 232.82 158.79
227.68 158.37 109.65
217.21 128.84 197.92
245.06 118.21 241.2
151.57 191.96 140.92
189.64 264.52 109.43
220.99 140.99 270.31
188.94 207.11 224.91
124.46 125.14 190.45
257.38 102.46 260.22
157.26 237.15 147.6
268.4 157.62 187.93
171.43 289.99 219.39
179.74 283.91 112.28
279.87 251.78 244.04
173.89 238.76 137.21
150.14 208.67 211.81
123.42 155.57 133.51
152.3 238.63 110.15
226.26 269.23 236.59
223.75 138.44 200.25
264.79 210.61 185.24
217.39 268.25 107.22
284.82 211.37 178.9
102.55 141.96 267.16
141.79 170.22 192.57
223.36 116.85 233.77
204.97 167.75 227.16
223.15 285.35 180.78
162.28 175.68 289.24
227.47 232.87 205.28
169.09 174.44 258.32
195.85 270.93 235.23
251.21 242.95 236.92
225.47 181.52 164.69
166.02 120.5 276.72
239.37 157.25 277.56
288.03 256.11 152.63
171.88 190.76 264.06
142.02 277.17 166.26
175.65 260.94 240.7
163.93 290.11 179.35
138.39 209.96 226.97
293.05 157.85 200.01
120.98 139.8 175.09
137.68 206.89 213.04
209.5 165.56 231.9
168.19 187.86 230.9
165.3 172.34 131.99
128.46 106.94 193.85
140.09 156.68 272.58
256.24 175.81 289.55
221.37 191.48 154.18
121.75 131.79 293.06
112.19 285.03 217.96
216.28 277.28 171.81
183.11 267.17 112.52
287.48 165.55 112.31
207.95 291.9 178.7
246.94 141.53 286.76
243.47 189.24 291.82
228.69 152.07 184.18
114.91 190.73 266.27
192.91 147.35 172.41
118.39 213.8 250.64
142.08 194.04 249.41
194.21 131.14 193.98
168.87 236.55 169.68
101.05 238.32 268.9
112.77 172.38 273.14
286.58 228.16 131.84
209.13 193.41 195.62
277.03 217.81 124.25
169.78 157.72 240.51
169.84 275.08 148.41
100.65 104.65 284.42
198.26 146.95 277.11
291.9 118.54 297.0
171.06 162.99 209.05
243.76 174.87 129.97
138.74 218.54 262.54
149.17 203.15 267.03
186.86 108.13 222.08
290.18 124.36 198.14
278.21 202.91 251.61
204.98 248.09 118.96
110.05 268.33 110.97
155.92 164.78 171.47
131.82 128.23 206.91
134.92 200.1 172.2
149.26 182.78 290.79
106.42 107.1 284.06
130.57 216.48 259.08
175.86 165.74 107.43
166.9 285.71 190.81
246.61 278.71 170.59
220.32 190.25 151.14
259.15 194.47 112.91
282.44 185.92 221.8
156.57 198.58 108.9
176.64 161.34 216.91
126.19 250.32 130.49
214.94 260.66 147.1
153.84 250.96 220.71
177.59 152.15 219.47
255.53 116.38 263.06
278.92 196.06 198.62
275.14 291.08 222.95
188.5 291.84 119.46
103.36 294.68 213.76
206.09 104.92 123.12
172.67 134.41 259.39
253.72 256.22 162.81
291.29 167.7 285.37
122.91 169.64 207.11
2
1
2
2
1
1
2
0
2
0
2
2
2
0
2
0
0
2
2
1
0
0
2
0
1
0
1
0
2
1
2
1
1
1
2
1
2
2
1
0
2
2
1
1
0
2
1
2
2
0
2
2
2
1
2
0
2
1
0
1
1
2
1
0
1
2
2
0
2
2
2
0
1
0
1
2
1
1
2
2
0
0
0
2
2
1
1
0
1
2
2
0
2
1
0
1
0
0
0
2
2
2
0
0
0
2
0
2
1
0
0
2
0
2
0
1
1
0
1
2
1
2
1
2
1
2
1
1
2
0
1
1
0
1
1
0
1
2
0
2
1
2
0
0
0
2
0
1
1
0
0
0
0
1
2
2
1
0
1
2
2
0
2
2
0
1
2
2
1
2
2
2
1
0
0
2
1
0
1
2
1
1
2
1
2
2
0
1
0
0
1
1
0
0
0
2
0
0
0
2
2
2
1
2
0
1
1
2
1
2
1
0
1
0
2
1
0
1
1
0
2
1
0
2
0
0
2
2
2
2
0
1
1
2
1
1
1
2
1
0
2
2
1
2
0
1
0
0
0
2
1
0
1
1
1
1
1
0
1
0
1
1
0
0
0
1
0
2
2
2
2
1
0
2
2
1
0
0
2
0
2
2
2
0
1
0
0
1
0
0
1
0
2
2
2
0
2
0
2
2
0
2
2
1
1
1
0
1
2
1
1
2
1
1
2
0
0
0
1
1
0
1
0
1
0
1
0
2
1
2
2
1
2
2
1
2
2
0
2
2
2
2
1
2
2
1
0
2
2
1
1
2
0
0
0
1
2
1
0
2
0
0
2
0
0
2
1
0
0
0
2
2
2
2
1
0
1
2
1
2
0
2
1
0
2
1
1
2
2
2
2
0
1
0
1
2
0
2
1
2
1
2
2
1
2
1
1
1
1
0
0
0
1
1
1
1
1
2
1
2
2
0
1
0
2
1
1
0
0
2
2
1
1
2
0
2
1
2
0
0
0
1
0
0
2
0
2
1
2
0
2
2
2
1
1
2
1
1
2
1
0
0
1
1
2
2
2
0
0
0
2
0
2
2
1
1
1
0
2
1
1
1
0
2
2
2
0
1
0
1
2
2
2
1
2
1
0
2
0
2
250 250
100.15 219.82 271.11
122.53 252.14 257.48
285.72 278.8 191.87
122.01 197.12 257.89
184.49 150.22 249.02
114.62 169.68 243.43
243.23 224.98 254.66
279.0 267.45 243.24
238.91 262.43 168.48
149.5 123.16 151.2
109.57 270.81 290.32
222.31 148.65 228.0
188.79 192.88 262.14
221.86 209.7 202.79
103.96 211.88 289.62
143.9 220.66 275.89
108.38 169.62 215.04
235.64 124.44 230.37
183.19 168.81 234.08
112.24 165.77 166.49
263.47 268.38 250.15
112.39 187.99 144.37
288.09 176.3 110.31
197.91 267.6 266.26
127.13 123.13 195.45
265.19 146.36 256.83
126.92 135.99 202.66
125.15 205.15 110.44
210.16 250.08 189.24
172.63 122.59 114.49
293.55 177.65 136.53
209.79 198.52 124.74
113.99 274.45 207.43
299.84 157.66 104.87
100.11 167.23 214.42
153.09 187.73 293.66
150.05 124.13 164.82
272.88 191.42 287.23
106.3 295.33 207.53
179.58 204.65 190.39
210.97 131.27 173.54
258.2 207.7 113.38
204.93 245.23 236.95
171.86 194.66 188.97
196.43 267.79 190.5
236.57 108.45 118.85
276.76 179.8 169.12
265.73 246.5 201.35
202.46 172.95 224.68
281.08 194.7 200.92
159.91 160.8 254.55
107.39 239.54 266.18
134.79 204.24 111.51
104.52 136.34 102.3
125.76 260.15 276.56
266.04 189.38 218.47
281.96 187.07 273.77
132.65 253.8 153.87
270.52 129.18 196.49
174.56 185.88 220.4
228.61 284.02 180.58
214.68 158.68 278.48
225.37 278.33 211.02
289.11 259.27 107.08
265.49 154.17 238.24
129.23 191.39 244.9
160.89 185.61 118.84
194.94 221.31 184.54
206.18 168.88 125.91
168.57 102.57 124.57
119.41 289.74 147.35
287.6 198.03 218.75
235.15 158.24 196.0
206.38 199.09 207.95
211.36 236.16 286.96
168.5 158.55 273.69
214.12 289.84 170.63
145.95 145.91 177.97
251.73 270.11 282.77
205.96 206.53 260.73
170.5 253.39 191.68
235.53 206.86 233.06
229.55 258.87 177.8
257.48 165.06 130.11
124.91 153.64 299.71
155.14 143.19 216.47
164.56 289.95 272.54
288.13 228.66 265.27
249.72 161.43 208.21
131.49 210.16 101.58
281.69 183.15 193.43
251.59 134.49 117.21
215.07 173.77 140.96
168.67 284.8 213.64
187.62 205.25 234.11
157.61 144.62 265.14
299.1 276.8 233.12
222.79 210.41 275.82
232.64 211.78 193.95
259.25 295.51 164.75
142.78 137.37 274.47
168.11 187.41 211.54
131.56 101.26 261.89
258.1 127.85 290.27
251.19 228.21 165.7
240.54 121.88 125.46
219.02 197.18 239.95
105.45 143.65 219.03
125.23 160.93 201.34
100.84 237.92 196.96
273.82 287.38 111.11
104.76 122.66 252.25
180.39 256.59 109.9
299.04 265.79 289.99
107.49 174.94 262.47
126.25 160.08 232.94
204.03 225.17 282.68
233.05 244.87 147.0
255.88 166.21 111.78
268.08 285.53 144.83
104.51 145.13 109.05
140.54 105.57 134.03
220.21 154.96 169.98
257.67 273.24 292.21
150.97 159.79 109.55
166.68 246.19 202.03
240.52 103.83 209.21
141.59 200.51 277.93
196.46 284.95 136.34
283.27 266.88 139.51
236.23 143.85 212.11
175.5 294.2 187.03
283.92 234.95 249.77
203.73 180.12 272.34
294.64 283.41 238.93
299.92 137.83 282.81
266.3 132.41 249.74
277.13 290.74 249.43
218.83 267.28 118.7
150.16 239.16 216.3
298.66 149.9 213.53
106.46 279.64 159.12
253.52 160.68 239.18
298.36 248.04 211.08
211.48 161.98 287.41
109.07 289.73 117.07
200.0 229.22 250.01
151.08 269.92 127.73
142.71 172.57 254.13
286.2 194.45 246.45
269.73 284.01 296.53
264.72 157.44 249.51
122.34 245.72 269.76
104.64 221.66 128.92
258.71 171.56 183.51
173.02 293.22 121.26
176.48 224.43 156.58
131.17 186.83 261.55
293.85 204.88 196.45
157.36 161.15 103.79
299.76 112.97 110.51
202.94 294.9 274.8
108.95 241.48 110.85
284.57 295.69 114.98
213.95 294.49 196.01
117.67 298.48 266.7
132.57 223.17 283.06
165.59 271.96 219.11
296.19 160.67 256.16
224.19 136.3 231.95
165.95 172.99 200.75
243.93 164.68 218.11
219.22 266.23 134.8
288.89 272.2 285.82
243.38 138.64 115.06
138.18 155.16 201.52
213.66 299.45 273.01
197.03 213.91 205.1
161.69 245.39 170.04
178.65 214.6 219.53
265.43 108.74 291.41
184.39 146.14 293.96
118.75 252.36 247.05
226.1 149.03 235.62
101.68 157.89 108.62
262.08 136.53 139.99
197.04 167.24 249.4
189.68 294.53 113.93
136.55 262.2 268.34
257.95 121.46 275.12
152.11 243.12 192.86
135.35 121.04 228.45
136.95 111.27 113.97
222.04 111.23 204.16
183.84 135.79 131.72
270.83 275.69 103.5
145.16 213.66 286.36
141.51 234.51 126.06
153.78 100.5 217.17
164.7 297.04 164.94
234.54 171.27 165.17
218.09 209.85 168.07
142.95 276.85 167.86
291.93 105.6 295.4
249.08 153.72 229.51
211.96 152.96 212.57
177.05 286.04 212.06
275.63 208.47 258.0
111.74 197.92 179.59
145.07 136.14 241.47
178.76 207.69 236.02
206.67 187.7 168.71
276.79 242.58 254.27
164.04 278.04 147.76
120.95 264.16 252.76
197.74 139.03 272.5
176.43 133.28 138.43
286.02 249.58 245.99
156.9 219.51 134.65
286.43 230.89 108.02
188.47 242.37 210.18
216.86 112.01 272.96
169.14 261.24 155.3
169.46 190.2 108.43
123.46 128.0 175.78
273.12 228.59 174.56
159.77 290.55 127.23
161.06 210.01 148.93
199.86 292.87 181.48
191.92 206.66 173.83
231.9 186.35 187.9
283.41 149.41 273.59
114.21 139.68 275.55
139.46 208.84 269.38
165.09 117.71 204.21
279.75 241.61 277.67
125.11 271.42 285.08
212.29 267.91 251.58
291.01 229.35 216.32
177.83 261.14 145.74
244.51 124.58 138.62
285.36 186.5 168.11
187.18 111.58 283.96
203.23 107.98 223.12
240.85 189.04 265.99
158.41 168.77 278.08
110.08 185.69 112.56
147.01 131.72 151.85
295.3 275.06 202.82
292.37 164.14 190.0
0
1
2
0
1
0
0
0
0
0
2
0
1
0
1
1
1
2
0
1
0
1
1
1
0
0
1
2
2
2
2
1
0
1
1
2
1
2
1
1
0
2
2
1
1
0
0
1
2
1
2
1
2
2
1
0
0
0
1
2
1
2
0
1
0
2
2
2
0
0
2
2
1
1
0
2
0
0
0
0
0
2
0
2
1
2
0
2
2
1
0
0
0
0
1
1
0
0
1
0
0
1
1
0
1
1
1
2
1
1
0
1
1
0
1
2
0
0
2
0
2
1
2
0
2
0
0
2
0
1
2
1
2
2
2
0
1
0
2
1
0
1
0
1
0
1
2
0
0
1
2
1
0
0
0
0
1
0
0
1
0
1
2
0
1
1
2
1
0
1
1
2
0
0
0
2
1
0
0
2
2
1
2
0
0
2
0
2
2
0
0
2
2
1
2
0
2
1
2
2
0
2
1
0
1
1
1
1
0
1
2
2
1
2
2
1
2
2
1
1
2
2
2
0
2
0
0
2
0
1
1
0
1
1
0
2
0
0
1
1
0
0
1
0
1
0
1
1
2
2
125 125
226.9 142.98 108.4
117.26 142.91 159.64
252.02 120.97 126.09
296.62 159.55 172.55
184.61 232.58 177.15
205.89 233.93 293.68
126.96 204.77 102.07
197.34 259.43 179.47
200.85 238.94 139.28
258.57 208.55 146.91
150.45 244.01 225.42
199.42 278.43 266.35
162.34 194.63 187.67
177.5 124.15 169.4
224.73 165.48 269.17
195.21 230.31 114.2
182.33 282.52 200.78
288.34 243.41 222.7
261.66 211.69 193.74
113.71 127.54 236.85
138.35 212.09 226.26
296.35 226.77 108.17
124.43 158.82 118.37
276.31 298.94 234.66
292.76 135.9 139.16
290.08 276.66 184.79
154.56 162.59 207.08
146.37 285.49 263.67
190.96 169.81 285.66
157.04 278.56 260.2
232.38 123.57 213.13
247.06 180.04 200.74
233.42 131.17 166.5
115.58 153.39 133.61
175.53 189.15 100.39
100.59 119.91 171.22
140.96 211.15 252.21
209.18 141.55 123.25
209.37 139.75 191.91
136.6 254.44 236.32
223.64 281.42 223.08
232.09 108.68 136.43
156.96 235.71 105.02
170.58 247.69 237.69
274.0 109.52 242.47
127.09 208.57 209.41
285.45 125.05 291.89
123.84 264.91 135.72
249.91 174.82 139.66
180.48 265.62 164.8
165.69 273.63 130.43
269.5 218.92 256.85
116.58 141.43 181.32
188.48 101.33 256.37
119.67 169.05 263.34
295.89 235.82 161.43
228.93 146.23 153.33
133.35 270.68 179.33
265.61 108.31 245.09
234.75 119.12 105.57
154.19 225.5 179.44
132.14 207.38 260.34
208.59 153.94 127.19
221.3 100.09 217.67
253.36 179.02 222.87
297.22 215.59 199.07
136.76 299.05 193.82
111.51 135.48 220.06
179.63 177.49 138.0
276.42 159.17 161.68
176.31 104.7 204.03
158.96 286.01 240.8
228.25 168.27 228.12
207.65 138.14 236.04
283.09 216.37 274.96
271.97 173.62 224.58
207.19 271.27 280.12
187.99 258.15 175.75
220.5 163.29 215.8
200.92 228.61 200.39
105.09 120.92 141.6
200.89 253.14 174.76
226.37 250.29 145.18
207.9 218.31 184.21
138.03 267.08 163.38
101.46 266.61 180.43
262.46 144.82 249.95
118.81 249.53 203.94
177.12 298.46 187.85
142.04 134.87 218.68
154.28 196.18 178.51
253.33 208.71 288.79
124.35 298.91 202.23
272.94 125.15 275.2
209.3 156.04 275.83
264.26 281.87 236.03
258.16 110.88 260.96
211.7 256.29 215.42
102.02 276.3 224.84
280.64 146.21 114.16
202.29 145.52 277.26
266.47 251.65 238.35
265.01 278.4 223.6
160.22 101.78 193.58
285.98 239.59 298.1
210.55 147.69 288.24
120.64 134.72 155.13
232.61 290.73 265.01
163.01 191.01 182.7
110.5 175.02 159.09
250.08 276.79 133.67
276.37 130.92 213.32
281.41 130.63 269.67
142.32 108.73 228.15
291.05 224.71 165.2
144.31 206.0 242.59
222.98 170.45 266.82
132.39 223.59 141.8
103.59 170.14 265.05
202.8 210.84 179.1
187.11 264.53 138.39
153.65 133.75 158.47
179.4 158.8 167.06
222.15 223.85 170.9
293.32 265.93 174.03
1
2
2
0
2
2
1
0
0
2
2
1
2
2
2
2
0
2
1
0
0
1
1
0
1
1
1
1
0
1
2
0
2
2
1
1
1
0
0
2
2
1
2
0
0
0
2
2
2
0
2
0
0
2
0
1
1
2
2
1
1
1
0
1
1
2
2
1
2
2
1
2
2
1
2
1
1
1
1
0
1
2
0
0
1
0
0
2
1
2
1
1
1
2
1
2
2
2
0
1
2
2
2
2
0
2
2
1
1
1
1
2
2
0
0
0
1
0
1
2
2
2
1
1
0
5 5
271.46 212.72 143.68
238.98 262.83 220.28
108.02 237.25 135.33
240.28 230.93 293.83
266.76 152.06 143.47
0
0
0
0
1
