216 204 206 212 211 211 211 210 209 209 209 208 208 207 207 205 203 201 199 197 194 192 189 187 186 186 186 186 186 185 185 185 185 183 183 183 183 183 183 183 183 182 182 182 183 184 185 182 154 158 157 159 160 161 164 173 176 177 176 175 174 175 175 171 166 165 165 168 171 173 172 172 172 174 176 187 238 250 248 248 248 248 248 248 248 248 248 248 248 248 248 248 248 248 248 248 248 248 248 248 248 248 248 248 248 248 248 248 248 248 248 248 248 248 248 248 248 248 248 248 248 248 248 248 248 248 248 248 
207 202 204 212 211 212 210 210 210 210 210 209 209 208 207 208 206 202 200 198 195 193 190 188 186 185 185 185 185 184 184 184 183 183 183 183 183 183 182 182 182 181 181 181 182 184 186 167 146 151 154 157 159 160 165 173 173 175 176 173 174 176 173 170 167 165 165 168 171 173 173 170 170 174 175 183 232 251 247 248 248 248 248 248 248 248 248 248 248 248 248 248 248 248 248 248 248 248 248 248 248 248 248 248 248 248 248 248 248 248 248 248 248 248 248 248 248 248 248 248 248 248 248 248 248 248 248 248
203 200 205 212 212 212 211 211 210 210 210 212 213 210 209 206 205 204 203 202 199 194 191 189 187 186 185 186 185 184 183 183 183 182 182 181 181 181 181 181 181 181 181 180 181 182 181 165 158 168 165 158 156 158 163 166 164 167 168 169 175 174 170 168 167 165 166 169 171 173 173 170 172 174 176 178 225 251 247 248 248 248 248 248 248 248 248 248 248 248 248 248 248 248 248 248 248 248 248 248 248 248 248 248 248 248 248 248 248 248 248 248 248 248 248 248 248 248 248 248 248 248 248 248 248 248 248 248
201 200 208 213 212 211 210 210 210 211 212 197 184 172 166 154 153 156 158 180 190 197 197 192 189 187 186 185 185 184 183 181 181 181 181 181 181 181 181 181 180 179 176 174 173 171 168 169 177 200 200 193 181 168 162 161 162 164 164 168 172 170 170 169 167 166 165 169 172 174 173 172 176 178 176 181 226 251 247 248 248 248 248 248 248 248 248 248 248 248 248 248 248 248 248 248 248 248 248 248 248 248 248 248 248 248 248 248 248 248 248 248 248 248 248 248 248 248 248 248 248 248 248 248 248 248 248 248
199 200 208 212 210 208 207 208 209 201 181 158 143 138 133 132 127 125 127 132 137 153 171 180 186 187 186 186 184 183 183 181 181 181 181 181 180 180 181 179 175 172 172 171 168 165 168 173 180 180 180 182 188 189 180 169 164 163 164 166 169 167 168 171 167 165 166 169 172 174 173 173 179 181 177 192 234 250 247 248 248 248 248 248 248 248 248 248 248 248 248 248 248 248 248 248 248 248 248 248 248 248 248 248 248 248 248 248 248 248 248 248 248 248 248 248 248 248 248 248 248 248 248 248 248 248 248 248
198 199 203 207 206 205 205 202 189 159 144 137 130 128 125 126 127 131 128 129 131 128 129 141 153 172 182 185 184 182 183 181 180 181 180 180 179 180 176 172 172 171 171 171 171 174 174 171 168 168 169 167 166 172 180 181 173 166 163 164 165 165 165 168 167 165 167 169 171 175 176 178 183 182 178 216 250 247 248 248 248 248 248 248 248 248 248 248 248 248 248 248 248 248 248 248 248 248 248 248 248 248 248 248 248 248 248 248 248 248 248 248 248 248 248 248 248 248 248 248 248 248 248 248 248 248 248 248
197 198 200 202 203 205 197 169 150 140 137 129 125 126 122 119 123 123 122 126 134 135 133 128 128 138 161 175 185 182 182 180 179 180 179 179 179 174 172 171 170 173 177 179 179 175 169 165 163 159 157 157 158 159 163 170 177 173 166 162 163 163 165 166 165 165 169 170 172 176 177 182 185 182 181 230 250 247 248 248 248 248 248 248 248 248 248 248 248 248 248 248 248 248 248 248 248 248 248 248 248 248 248 248 248 248 248 248 248 248 248 248 248 248 248 248 248 248 248 248 248 248 248 248 248 248 248 248
196 197 199 200 202 200 171 147 139 133 131 124 119 121 117 115 119 123 124 124 131 139 138 135 135 132 136 171 186 182 181 180 178 179 178 177 173 169 168 173 182 186 184 180 176 171 167 162 157 151 149 150 152 152 155 158 164 173 172 168 163 163 166 167 165 164 166 170 174 176 177 183 183 178 196 245 247 248 248 248 248 248 248 248 248 248 248 248 248 248 248 248 248 248 248 248 248 248 248 248 248 248 248 248 248 248 248 248 248 248 248 248 248 248 248 248 248 248 248 248 248 248 248 248 248 248 248 248
195 195 198 199 201 178 140 138 131 128 126 122 122 118 115 117 116 125 124 121 126 132 134 140 144 149 158 171 183 183 181 180 176 176 177 172 166 164 181 196 194 187 181 178 175 170 166 160 154 146 143 145 148 150 151 152 154 160 169 175 169 163 165 165 164 164 164 170 176 176 178 183 183 178 203 241 248 248 248 248 248 248 248 248 248 248 248 248 248 248 248 248 247 247 247 247 247 247 247 248 248 248 248 248 248 248 248 248 248 248 248 248 248 248 248 248 248 248 248 248 248 248 248 248 248 248 248 248
194 195 196 200 192 150 130 127 125 123 121 121 123 119 120 117 119 123 123 128 124 131 138 143 146 148 152 163 174 182 181 179 175 174 172 162 159 162 178 194 189 183 179 177 173 169 164 162 158 152 147 147 148 149 150 149 149 152 155 170 178 166 164 167 166 164 165 171 175 177 180 183 183 185 195 234 250 247 248 248 248 248 248 248 248 248 248 248 248 248 247 246 245 245 245 245 244 244 245 246 247 248 248 248 248 248 248 248 248 248 248 248 248 248 248 248 248 248 248 248 248 248 248 248 248 248 248 248
192 193 194 198 183 142 122 121 117 117 119 121 124 120 123 117 120 118 123 126 127 131 138 145 147 149 146 148 160 175 182 178 173 172 162 158 161 163 162 179 188 181 179 176 172 169 166 163 160 157 154 151 150 150 149 149 149 149 149 155 176 173 164 167 167 164 165 169 174 177 179 183 188 192 205 247 248 248 248 248 248 248 248 248 248 248 248 248 248 247 245 240 236 236 236 236 238 236 237 243 245 246 246 245 245 245 246 247 248 248 248 248 248 248 248 248 248 248 248 248 248 248 248 248 248 248 248 248
190 191 193 198 171 131 116 116 113 114 114 117 123 123 120 115 115 116 120 123 127 132 144 149 149 149 149 146 147 159 175 178 175 172 161 161 161 161 161 172 186 182 180 177 173 170 168 165 163 161 158 154 152 151 150 148 148 148 149 149 163 179 168 162 164 162 163 169 173 175 179 185 192 193 228 251 247 248 248 248 248 248 248 248 248 248 248 248 248 247 244 234 226 226 218 209 207 207 218 229 238 244 249 245 233 238 244 246 247 248 248 248 248 248 248 248 248 248 248 248 248 248 248 248 248 248 248 248
189 189 191 194 159 124 114 115 116 116 116 116 117 119 116 113 114 115 118 122 129 144 153 154 152 150 149 147 145 148 162 176 176 161 161 160 158 159 160 171 187 182 180 177 174 170 169 169 166 164 161 157 154 151 150 150 148 147 148 149 150 176 184 163 164 164 164 166 169 172 180 188 192 206 247 248 248 248 248 248 248 248 248 248 248 248 248 248 247 246 242 232 221 218 216 208 170 151 159 180 198 211 194 201 227 232 236 242 245 247 248 248 248 248 248 248 248 248 248 248 248 248 248 248 248 248 248 248
187 187 190 188 156 128 117 117 116 112 114 115 114 112 117 117 115 115 120 120 131 142 152 155 154 152 150 150 146 144 153 173 171 160 162 157 157 158 159 172 183 181 179 176 175 171 170 171 170 166 164 159 154 152 150 149 148 147 147 150 148 162 193 171 164 165 164 164 165 168 178 189 193 231 249 246 246 246 246 246 247 247 248 248 248 247 247 246 246 244 239 222 213 199 200 199 162 142 149 165 156 153 150 152 183 227 222 235 244 245 247 247 248 248 248 248 248 248 248 248 248 248 248 248 248 248 248 248
187 186 188 188 153 127 118 118 112 109 116 114 114 112 117 121 119 116 118 124 130 137 147 154 155 154 151 150 147 143 148 167 163 161 160 156 156 158 160 173 183 181 179 178 179 176 172 172 173 170 167 165 159 153 150 148 148 146 146 149 150 154 188 183 163 165 163 163 164 167 181 190 213 241 239 238 238 238 237 237 242 245 246 246 246 245 244 243 239 235 216 175 167 150 152 167 157 142 165 162 150 145 162 176 151 204 211 210 231 242 243 245 246 247 247 247 248 248 248 248 248 248 248 248 248 248 248 248
188 184 186 187 155 126 120 116 111 113 116 113 118 119 118 121 119 118 123 126 127 134 145 151 153 154 152 150 148 146 149 159 159 161 156 155 156 157 159 178 180 175 175 173 172 172 169 169 175 173 164 160 156 154 153 149 148 146 146 147 150 150 177 200 161 164 163 163 163 179 192 203 212 211 210 209 209 207 204 206 224 237 242 243 242 240 237 231 222 217 170 164 140 130 128 137 139 145 155 156 153 143 160 165 150 185 205 181 193 228 234 237 240 242 244 245 246 247 247 247 248 248 248 248 248 248 248 248
194 183 183 187 154 123 122 115 117 115 111 118 122 121 124 123 117 118 125 124 129 133 146 153 153 153 152 153 153 147 147 155 159 159 154 154 155 155 161 180 168 163 162 161 161 161 159 165 173 173 173 160 156 154 150 149 148 148 147 148 149 152 168 206 162 161 162 163 167 191 207 204 197 197 195 194 194 193 192 192 203 219 227 226 223 222 219 212 204 190 156 177 134 131 125 118 126 138 138 145 145 140 151 154 150 156 165 161 159 171 189 221 225 229 234 238 241 243 245 246 246 247 247 248 248 248 248 248
204 188 182 185 149 123 118 112 115 116 117 119 119 123 117 120 116 111 116 119 123 128 139 147 146 147 149 155 149 133 128 139 161 156 153 153 153 154 159 164 161 159 159 158 158 158 158 161 162 162 170 166 160 155 149 147 151 151 151 150 155 155 164 199 164 159 162 165 180 205 210 199 196 195 196 200 201 203 200 196 195 197 199 199 198 199 199 199 187 165 155 151 133 120 139 127 125 126 125 122 125 131 137 139 136 130 138 142 140 144 146 172 218 217 219 222 226 231 235 239 242 244 245 246 247 247 248 248
208 200 184 185 158 120 112 109 112 113 120 118 124 116 146 160 137 127 133 134 126 133 146 147 147 146 147 142 132 137 136 136 150 155 152 152 152 153 156 157 157 156 156 156 156 157 158 158 158 157 157 161 158 154 149 146 146 150 152 154 162 159 163 207 168 159 165 187 215 220 213 214 214 214 218 220 217 210 202 193 195 196 196 196 196 196 194 195 187 160 152 131 119 127 147 139 125 119 118 112 121 133 135 130 130 126 126 133 132 142 172 144 188 217 214 215 216 218 220 224 228 233 237 240 244 246 247 248
207 206 195 184 171 126 112 110 109 107 112 120 124 134 167 153 137 145 144 147 150 153 155 156 156 154 152 146 143 143 139 159 155 152 151 151 151 152 153 154 154 154 154 154 154 156 156 155 154 153 152 158 160 157 150 147 145 148 153 161 162 152 164 195 164 163 187 204 203 198 197 202 205 206 216 222 224 226 220 209 199 195 197 198 196 196 194 194 189 175 174 160 139 129 131 133 126 116 113 111 120 127 131 130 126 124 120 127 130 129 141 139 155 210 215 213 214 215 215 216 217 219 222 225 236 245 247 248
203 205 208 195 177 134 118 113 115 112 112 118 126 150 158 154 139 148 151 147 148 152 156 156 155 152 145 134 131 126 131 154 154 151 150 150 150 151 152 152 153 153 153 152 153 155 155 154 152 151 152 158 159 156 149 147 145 148 160 173 169 156 164 172 171 182 187 183 182 184 186 186 186 187 192 200 201 204 211 218 221 215 202 196 198 198 197 197 192 172 191 191 169 141 127 123 124 119 111 112 120 126 132 130 124 120 118 121 124 126 125 129 138 193 218 216 214 215 215 215 215 215 216 217 231 244 247 248
193 195 197 204 195 155 118 113 114 115 117 119 135 142 153 157 138 140 157 152 147 150 157 157 154 154 151 144 139 135 134 144 152 150 150 150 151 151 151 151 151 153 152 151 152 153 153 153 151 150 151 154 155 151 147 146 144 146 161 174 165 157 158 178 183 183 183 185 188 189 190 191 191 195 199 200 199 197 197 197 202 212 221 213 198 198 199 197 195 193 196 198 199 168 134 118 120 122 126 115 124 130 132 128 120 115 117 121 124 125 127 132 131 139 164 206 216 213 215 215 215 216 216 216 230 244 247 248
176 177 184 196 204 188 122 109 107 110 114 121 142 150 150 152 140 136 160 157 151 150 155 155 155 156 156 153 148 140 134 150 153 150 149 150 149 150 150 150 148 150 151 151 151 151 151 151 150 148 148 149 148 147 146 144 144 147 160 173 162 154 162 176 178 183 186 188 189 190 193 195 196 198 198 198 198 197 196 196 196 196 200 213 219 201 197 198 195 196 200 209 205 178 144 123 122 122 128 116 122 121 124 120 115 116 116 121 127 126 126 128 135 138 134 156 208 214 213 214 215 215 216 216 231 244 247 248
177 174 187 201 206 203 136 109 107 107 110 124 146 146 141 152 161 156 150 158 154 151 154 155 155 157 157 156 157 145 140 149 154 153 148 150 149 148 148 147 147 147 149 150 149 149 149 149 148 147 148 148 147 147 144 143 144 149 162 174 167 154 163 178 182 185 188 191 194 196 198 199 198 197 196 196 196 196 195 196 196 196 196 193 204 221 204 196 197 196 205 205 193 180 156 133 128 127 123 128 134 126 122 115 114 116 118 119 127 131 125 127 133 148 148 142 178 215 213 214 214 215 215 215 230 244 247 248
205 182 191 205 209 209 150 113 111 108 110 127 146 149 143 140 155 160 150 155 155 153 153 155 154 153 154 156 155 155 149 157 155 159 156 153 153 149 147 145 145 145 147 149 148 147 148 148 146 147 149 148 147 145 144 144 146 149 160 175 174 156 168 180 183 186 191 197 199 199 199 198 197 197 196 196 195 195 195 195 194 194 194 193 192 199 222 203 194 201 206 199 190 186 166 136 122 124 132 128 127 127 123 114 114 118 118 123 125 131 126 126 136 144 150 152 171 213 215 215 214 215 215 215 230 244 247 248
217 191 187 201 207 213 169 120 118 115 115 128 146 149 148 140 137 144 147 151 151 151 153 154 154 152 149 149 149 152 142 142 137 154 156 152 152 152 148 144 143 144 144 146 146 145 146 147 146 147 149 148 146 145 144 144 146 148 161 176 162 157 174 181 183 186 191 199 199 199 198 197 197 197 197 197 196 196 195 195 194 193 193 192 190 188 200 222 202 201 207 199 190 185 176 146 127 125 127 116 121 125 122 117 117 115 119 129 129 130 127 124 130 132 140 153 182 214 214 214 215 215 215 215 230 244 247 248
216 211 196 197 204 207 182 132 119 114 120 134 148 149 149 148 146 145 146 148 148 148 150 151 153 152 145 141 144 150 145 164 180 157 155 153 151 150 149 147 143 142 142 143 143 144 145 145 146 146 147 145 145 144 143 143 145 147 163 168 153 165 177 181 183 187 190 194 199 199 198 198 198 197 197 197 197 197 196 196 195 194 193 192 191 188 186 206 207 182 188 194 191 183 175 161 145 129 119 117 128 128 121 113 114 117 122 132 133 130 127 121 130 131 135 157 190 211 211 213 215 215 215 215 230 244 247 248
216 219 208 199 196 197 195 160 129 120 125 144 150 150 148 148 148 150 149 148 146 146 146 147 149 149 146 141 143 147 143 179 202 168 155 154 152 150 148 148 146 142 141 141 141 142 143 144 144 144 144 143 142 142 142 142 143 146 160 155 156 171 179 182 184 187 190 192 196 200 200 200 200 199 198 198 197 197 197 196 196 195 194 193 192 190 187 189 186 155 145 164 175 180 171 155 142 132 120 124 127 121 119 116 116 122 126 129 129 128 126 124 126 131 150 152 178 196 205 213 214 215 216 216 230 244 247 248
212 215 208 195 181 190 205 176 140 139 144 152 153 151 149 148 147 146 147 146 144 143 145 145 148 148 146 143 141 138 141 177 199 182 157 155 152 151 149 148 146 144 140 139 139 139 141 141 141 142 142 141 141 140 140 141 141 144 150 152 162 176 181 183 185 187 191 193 196 199 200 201 201 200 199 199 198 198 197 197 196 195 195 194 193 191 189 181 188 169 167 183 168 169 169 157 139 129 121 116 117 122 122 120 118 124 125 123 124 123 119 121 122 132 150 152 161 177 201 209 215 216 216 215 230 244 247 248
209 211 210 198 186 199 210 174 147 146 152 154 153 152 149 148 146 145 143 141 140 141 142 143 145 146 145 146 140 133 155 196 195 193 167 155 154 151 149 148 146 146 143 140 140 138 138 139 140 140 140 140 139 139 140 140 140 142 149 157 171 179 183 187 186 188 192 194 197 199 201 202 202 202 201 199 199 199 198 197 196 196 195 194 193 192 188 193 196 165 150 169 168 163 161 162 150 137 132 123 126 126 122 119 122 128 122 118 120 117 115 120 124 138 154 149 161 174 196 206 210 216 217 216 229 243 247 248
211 217 219 209 201 211 206 166 153 151 153 155 153 152 149 147 145 143 140 138 137 137 138 139 141 142 144 146 141 144 154 186 190 192 185 158 154 152 149 148 147 145 144 143 141 139 137 137 138 138 138 138 137 137 138 138 139 144 153 167 178 179 185 189 186 189 191 194 198 200 201 202 203 203 202 200 199 199 198 197 197 196 196 195 192 193 199 198 186 175 151 145 157 164 163 163 154 146 138 125 123 125 110 121 136 129 124 121 117 114 118 123 126 144 156 155 181 186 201 209 212 217 219 218 230 243 247 248
209 217 221 213 201 227 234 181 150 154 157 154 152 150 148 147 145 143 139 135 134 134 134 135 136 139 142 142 140 143 156 188 184 183 187 175 156 153 150 148 147 145 143 142 140 137 136 135 136 136 136 135 135 136 136 136 138 150 165 177 179 180 185 187 186 189 191 195 200 202 202 203 204 204 203 202 201 199 199 198 197 196 196 194 197 206 189 179 193 197 183 175 175 170 163 160 152 142 131 121 121 124 113 125 129 126 126 122 116 118 123 122 129 136 142 158 163 181 199 207 212 218 222 217 229 243 247 248
207 210 212 210 190 177 242 237 193 156 156 156 150 148 146 146 145 143 140 136 134 133 133 132 133 137 140 142 137 141 183 193 189 186 181 181 168 155 152 149 147 146 143 141 138 135 134 134 134 135 134 133 134 134 133 134 145 161 172 174 178 182 185 187 188 189 192 197 201 202 203 203 204 204 203 201 200 198 198 198 198 197 196 196 190 187 190 174 191 214 205 192 186 170 160 156 150 131 123 120 121 118 114 118 119 124 124 120 116 123 126 123 128 134 140 153 159 184 201 202 211 221 226 221 229 244 247 248
207 209 207 207 176 135 178 242 238 212 166 151 153 148 146 146 144 142 140 135 133 132 133 134 133 135 137 138 138 143 189 194 191 190 187 181 177 164 154 151 148 147 144 142 140 134 133 133 133 133 132 131 132 133 135 139 144 146 148 148 152 157 165 174 184 188 192 195 196 198 199 199 203 206 205 201 199 198 197 197 198 198 197 196 193 163 167 162 180 209 195 182 176 162 151 150 148 132 127 127 117 116 119 122 118 119 120 116 115 121 123 126 129 137 143 153 178 189 196 211 216 220 226 224 229 243 247 248
209 215 214 194 151 133 124 196 236 235 225 178 148 150 149 144 141 141 139 134 131 129 132 133 133 134 134 135 139 137 164 197 192 192 189 187 182 175 166 159 151 148 147 145 142 138 134 133 133 130 129 135 140 143 143 144 144 145 146 147 145 150 153 152 159 177 186 192 195 195 197 198 201 202 203 201 199 198 198 198 198 198 198 197 198 194 172 162 179 193 183 172 168 157 143 143 144 131 120 117 124 126 127 126 125 121 118 114 115 116 121 127 131 135 140 137 158 180 180 201 214 220 226 225 232 243 247 248
208 223 215 163 133 133 127 128 213 232 230 231 193 150 145 142 140 139 136 132 129 127 129 132 133 133 133 133 135 131 162 197 193 193 192 189 186 182 175 168 166 159 152 148 145 139 134 133 131 133 141 145 145 145 146 147 148 149 148 149 154 166 166 163 166 175 181 181 189 196 196 197 199 199 199 199 198 197 197 198 199 199 199 199 198 168 170 184 184 180 173 166 162 151 141 140 142 136 124 128 139 127 128 126 124 122 116 115 113 116 121 128 134 134 142 135 151 174 179 184 202 217 221 224 232 243 247 248
181 175 160 141 133 127 125 115 147 228 228 226 230 208 155 138 143 140 135 133 129 128 124 122 123 124 125 130 140 162 194 195 194 193 193 191 188 186 181 171 165 171 171 153 148 142 138 134 136 145 147 146 147 148 149 150 151 151 153 157 161 161 160 160 161 161 166 174 175 184 196 196 197 198 198 198 197 196 197 197 198 199 198 199 200 187 171 160 172 175 167 163 162 151 144 147 141 134 133 140 133 125 123 124 120 117 114 115 114 118 123 128 137 133 147 139 153 172 182 185 200 218 217 221 229 243 247 248
147 129 121 125 126 124 122 121 111 174 232 224 222 226 214 160 138 140 136 134 132 126 142 155 160 165 175 187 196 202 199 196 195 194 193 192 190 187 185 180 167 160 179 182 170 164 160 150 148 148 148 149 150 151 155 158 160 161 161 159 154 152 151 151 152 153 155 159 166 168 180 196 196 197 197 198 197 196 196 197 198 198 198 197 203 217 208 179 157 170 169 164 167 154 144 147 137 131 131 125 131 122 119 118 116 116 114 116 116 119 129 127 135 141 144 132 146 173 194 202 215 222 220 218 229 243 246 248
137 130 121 124 120 120 118 117 114 117 204 228 221 220 222 217 162 132 138 136 129 170 209 211 212 211 209 204 200 198 197 197 196 195 194 193 192 189 186 183 178 163 181 178 173 150 149 149 149 149 151 153 157 165 167 166 164 161 158 155 152 149 148 147 147 147 147 151 154 161 166 179 196 196 196 197 197 196 196 197 197 198 197 198 187 185 181 177 179 183 168 169 168 155 141 141 136 125 128 130 132 122 120 116 113 115 114 115 119 123 129 129 138 151 132 133 149 166 187 198 214 223 216 217 229 242 246 247
131 127 119 122 117 115 114 114 116 109 141 220 220 220 218 218 216 166 134 133 162 211 207 204 205 206 205 203 200 199 198 197 196 196 195 194 193 190 188 186 184 182 174 175 179 164 153 152 153 156 158 158 163 171 167 165 163 160 158 156 154 150 148 148 147 145 145 146 147 150 156 164 184 196 195 196 196 196 196 197 197 197 198 200 175 162 169 177 185 179 169 171 163 152 141 136 134 128 127 134 133 126 120 118 119 118 114 115 125 129 130 133 140 135 122 133 154 177 186 199 219 220 218 219 226 239 244 246
129 124 118 118 117 112 116 114 114 115 108 179 224 219 218 215 216 216 157 149 210 207 206 206 206 207 207 206 203 200 199 198 197 196 195 194 193 192 190 189 190 186 170 172 185 166 163 160 162 163 161 159 168 169 164 163 162 160 157 156 154 151 149 147 146 144 143 143 142 146 147 155 168 190 195 194 195 195 196 197 196 196 196 197 191 180 182 179 178 172 169 166 158 149 142 137 134 126 127 136 128 117 122 118 118 119 116 119 131 134 130 131 130 120 122 134 160 187 198 204 210 218 226 223 225 235 241 244
127 123 117 115 117 112 111 113 113 113 107 131 216 219 216 214 213 217 198 184 210 207 206 206 206 207 207 205 203 201 199 198 197 196 196 195 194 192 191 191 192 190 166 163 174 161 160 161 162 159 158 168 174 168 163 161 161 159 157 155 154 151 148 146 144 143 141 140 140 145 146 146 154 181 194 193 194 195 195 195 194 194 194 195 195 194 184 179 176 171 168 161 154 147 142 137 137 130 122 120 121 113 118 119 113 115 117 126 129 127 123 121 124 120 121 145 170 184 196 203 211 218 228 224 221 229 235 238
123 120 118 115 116 114 108 111 111 112 113 106 183 223 212 214 215 216 215 207 208 207 206 205 207 209 208 205 203 201 199 198 198 197 196 195 194 193 191 188 190 192 175 166 166 164 162 158 157 159 170 177 170 163 161 160 159 158 157 156 153 151 150 147 144 143 141 140 140 140 143 143 146 169 194 192 194 194 194 193 193 193 193 192 183 184 182 176 169 168 164 157 150 144 137 134 141 135 126 125 118 115 121 119 110 115 114 121 125 122 122 124 127 120 121 155 190 202 206 210 215 219 227 225 220 228 231 234
119 116 115 115 113 114 108 107 109 109 111 105 133 218 220 219 220 220 220 185 195 209 206 206 208 210 210 208 206 203 200 199 198 197 196 195 195 194 192 189 186 189 185 170 165 167 161 157 155 164 179 174 160 152 152 157 157 157 156 157 154 151 150 148 145 143 141 141 141 140 141 144 143 155 194 194 193 193 192 192 192 192 191 192 178 161 161 160 162 162 157 149 141 136 132 133 134 137 130 122 113 122 125 111 109 115 119 121 121 123 126 129 130 117 124 153 184 202 214 220 223 226 231 222 223 228 229 230
116 114 114 113 112 114 109 107 108 109 109 111 104 182 222 221 221 220 223 164 179 209 205 206 206 208 208 207 205 203 201 199 198 198 196 196 195 195 193 190 187 185 182 171 172 164 160 158 156 160 175 168 154 150 150 156 158 157 156 156 156 152 150 150 147 145 144 143 143 142 140 141 143 148 186 198 190 191 190 190 190 190 189 188 191 180 161 148 143 139 134 130 126 128 132 133 132 135 131 123 113 118 117 108 116 119 123 124 126 125 127 130 129 113 122 142 167 192 204 213 222 228 233 225 225 221 222 225
112 112 112 111 110 112 110 106 108 107 108 110 102 138 207 213 221 223 199 151 162 196 205 203 204 204 205 205 205 204 202 200 199 198 197 196 196 196 193 190 188 185 176 178 172 160 161 157 155 164 176 164 153 151 152 159 160 158 158 157 157 154 151 150 147 146 145 144 143 143 141 140 143 150 187 207 187 189 189 189 188 187 187 187 189 203 212 203 179 164 158 157 157 141 128 132 133 138 135 126 118 117 109 113 117 114 123 127 128 125 129 133 123 113 118 132 152 196 206 201 215 218 229 225 217 212 214 216
108 109 110 111 111 110 111 104 107 106 107 108 106 107 190 204 211 221 185 143 138 165 205 201 202 201 202 204 204 204 205 203 199 198 196 197 196 196 195 191 188 184 176 178 167 159 159 154 153 171 172 157 152 151 156 159 158 157 157 156 158 158 155 151 150 148 145 144 142 143 140 140 146 147 182 222 188 187 187 187 186 185 186 186 190 207 215 207 196 196 196 197 202 203 157 136 141 139 136 129 121 114 110 118 116 112 126 133 127 126 134 129 118 118 122 133 158 200 207 206 219 224 234 223 210 213 209 208
111 110 108 109 110 109 110 105 106 107 106 107 108 101 147 215 203 205 191 150 129 140 192 202 200 201 201 202 203 203 203 201 198 197 197 196 197 197 196 192 189 183 175 176 163 157 153 148 148 155 151 152 152 151 152 153 152 150 150 152 158 159 160 157 154 150 146 144 138 137 140 139 145 156 176 230 192 184 186 185 184 184 185 186 204 216 202 194 196 193 191 193 197 206 202 152 145 143 140 127 113 112 118 125 121 119 128 127 122 126 124 121 124 127 134 147 171 189 204 214 225 224 236 219 208 210 209 208
113 110 108 109 109 109 110 107 102 110 107 108 107 106 112 197 214 202 192 163 119 133 174 204 199 200 200 200 201 200 199 199 199 198 196 196 197 196 195 193 190 183 174 170 158 154 148 142 142 141 143 147 150 150 151 152 153 152 150 151 154 154 159 160 154 151 146 144 143 141 138 137 149 164 179 241 196 181 184 182 182 182 186 204 218 190 170 189 195 193 191 194 199 203 208 182 144 147 134 123 114 121 127 125 123 119 112 113 117 113 115 124 131 140 144 166 180 203 217 213 226 227 232 214 209 210 212 210
111 109 107 108 109 109 109 110 98 97 108 107 107 110 102 162 219 203 194 169 122 129 169 202 198 199 199 199 199 199 199 199 198 197 197 196 197 197 196 193 191 183 170 163 156 152 145 141 141 141 141 143 145 148 149 151 152 152 151 151 153 152 153 155 155 153 149 144 144 143 138 138 151 163 190 247 199 180 183 181 182 190 209 213 193 175 175 188 194 195 195 195 197 192 195 182 144 139 122 126 122 123 125 121 120 115 103 105 110 111 118 129 133 142 148 170 183 203 225 218 228 237 229 215 215 216 212 212
112 111 110 108 108 109 108 109 109 94 94 107 107 108 103 127 211 205 196 169 134 142 170 200 197 198 199 199 199 199 198 198 197 197 197 197 197 197 196 193 191 184 168 161 154 150 141 136 138 138 139 141 142 145 150 152 153 153 151 152 154 152 151 154 155 155 154 146 144 142 139 138 142 154 198 252 197 178 183 189 203 212 208 185 177 187 192 196 198 184 171 166 162 162 152 120 138 132 124 128 125 123 120 116 112 112 113 115 120 117 124 127 129 137 151 173 177 198 217 209 222 231 221 222 215 217 212 213
111 111 112 109 109 109 108 108 110 109 95 96 107 106 106 106 187 212 199 172 141 148 163 197 197 198 198 198 198 198 198 197 197 197 196 197 196 196 195 193 191 183 169 160 152 148 136 131 134 137 137 139 141 142 148 153 153 152 152 152 152 151 151 155 157 155 153 147 144 141 139 140 142 153 199 237 193 192 201 207 200 185 186 185 177 188 200 199 166 142 146 152 155 156 121 104 128 132 129 128 120 117 117 112 107 120 125 122 124 123 126 119 128 139 150 160 153 177 207 215 217 225 228 225 217 213 212 213
111 109 108 107 107 108 108 108 109 109 107 96 106 105 107 101 151 212 201 175 149 149 155 192 197 197 197 197 198 197 197 197 197 197 197 196 196 196 193 190 188 188 172 160 152 147 136 132 134 135 137 138 140 140 143 149 152 152 153 153 152 152 151 153 153 152 148 146 144 142 141 141 142 152 186 210 208 203 203 199 190 184 191 194 189 198 197 158 138 138 154 156 157 132 108 107 128 132 130 125 112 116 115 105 107 119 114 121 123 125 114 110 118 131 149 149 136 159 197 225 222 221 232 229 214 211 211 211
110 108 108 108 105 106 107 108 107 108 104 100 107 105 106 104 118 200 206 179 152 152 146 184 198 196 197 197 197 197 197 196 197 197 197 196 196 195 195 196 199 199 176 160 153 146 136 134 134 135 136 137 139 139 140 144 150 152 153 153 152 153 153 151 151 152 149 145 144 142 140 140 139 152 187 206 203 194 201 204 197 195 199 193 196 197 162 137 134 142 155 154 144 112 107 105 139 141 125 119 107 105 100 99 104 102 102 111 117 110 107 114 122 128 135 154 156 146 169 205 213 220 231 233 216 204 205 205
107 108 111 111 107 107 108 108 108 108 101 100 106 105 105 107 102 171 213 186 146 153 145 168 199 195 196 196 196 196 196 196 197 197 196 196 196 196 208 212 204 187 176 163 153 144 136 133 133 134 136 136 136 139 139 140 144 150 151 151 151 152 153 151 151 153 151 146 144 142 140 140 138 159 193 208 206 183 185 184 184 187 187 184 182 156 147 140 127 144 154 151 116 108 104 115 154 152 124 115 110 108 108 107 113 110 109 113 108 108 123 135 141 143 143 143 159 178 174 201 209 214 227 230 205 195 192 192
110 112 112 110 106 106 107 108 108 107 99 103 106 105 105 106 100 135 213 195 158 156 147 155 192 196 195 196 196 196 197 198 197 197 197 197 196 200 207 200 193 167 152 167 153 143 135 133 136 136 134 134 134 136 137 137 139 143 148 150 150 152 152 150 149 148 146 144 143 141 141 140 139 169 198 213 198 164 162 165 169 172 172 173 153 144 146 135 133 147 155 124 111 106 105 142 171 142 125 126 118 118 117 109 104 103 104 109 116 133 144 148 149 150 150 148 144 165 206 220 227 218 224 241 207 179 182 176
110 110 110 107 104 104 106 106 107 107 97 100 107 105 105 105 104 109 195 210 154 148 145 137 176 199 195 195 196 196 197 197 197 197 197 196 197 200 199 192 170 137 137 167 155 147 135 134 134 136 134 134 135 135 136 136 138 139 142 147 149 150 150 148 146 145 144 143 143 141 140 139 140 176 209 211 187 171 172 173 174 175 176 164 139 148 139 131 141 154 141 116 109 96 115 164 167 145 141 135 129 134 132 120 109 104 107 125 143 150 152 153 154 153 151 149 149 143 170 231 233 224 219 240 209 182 184 173
104 106 108 107 105 103 105 106 107 107 102 92 105 105 106 105 106 98 162 219 162 133 147 137 155 198 194 196 197 197 197 197 198 197 197 197 198 193 188 177 133 136 134 149 154 138 132 134 132 136 137 133 133 135 135 136 137 138 138 143 147 148 147 146 144 144 143 142 142 140 138 137 144 191 212 195 180 178 180 181 181 181 182 147 138 145 136 133 142 129 132 112 97 94 129 168 155 150 150 145 143 147 143 133 134 136 142 149 153 154 155 155 153 148 146 145 146 147 138 196 235 225 227 230 192 183 180 178
112 110 106 103 102 102 104 106 106 107 106 94 100 106 106 105 105 100 126 216 168 120 122 126 130 189 196 195 196 196 197 198 198 198 197 193 186 185 205 186 128 138 135 130 125 122 128 130 132 137 139 136 133 135 135 135 134 137 137 138 142 146 146 143 143 142 141 141 139 138 138 135 158 206 206 201 191 181 180 181 181 183 159 134 142 140 129 135 138 126 119 103 91 107 137 146 158 152 150 151 154 154 139 140 147 149 151 154 156 155 156 151 145 145 144 143 145 145 142 160 227 218 220 199 183 182 180 180
113 108 106 102 98 99 103 106 107 107 107 100 96 107 106 105 105 104 103 194 186 120 116 122 123 168 198 193 194 195 195 195 195 193 188 184 191 206 224 182 130 139 135 131 143 127 121 127 129 138 142 140 138 135 134 134 134 136 137 137 139 141 143 142 141 141 140 141 139 136 136 139 192 208 206 206 194 179 177 178 180 170 136 134 134 129 122 135 134 124 117 101 97 141 174 124 135 157 155 158 161 138 134 150 152 155 156 157 158 157 146 143 142 146 145 143 144 144 147 145 197 210 190 186 186 186 185 186
105 106 105 102 98 96 101 105 106 107 107 105 94 103 107 105 104 105 97 161 204 138 126 140 134 141 196 190 192 191 190 189 186 184 188 200 207 218 221 145 112 137 134 132 157 123 116 123 128 140 146 143 141 138 136 136 136 137 136 135 136 136 136 139 141 141 140 140 137 136 133 179 225 218 209 192 177 172 173 176 176 148 130 125 125 123 120 138 137 123 113 104 116 143 152 137 143 147 157 164 146 119 144 155 157 158 158 159 158 147 132 143 141 147 145 143 144 144 147 146 168 198 191 193 194 192 194 196
98 103 105 104 99 95 100 103 106 106 106 107 98 96 107 104 104 105 99 128 207 162 146 139 139 120 185 187 187 188 187 188 192 199 205 208 217 193 125 94 92 107 133 138 153 106 111 120 121 137 144 145 143 141 138 137 137 136 135 135 134 134 137 140 143 142 142 137 134 129 165 219 229 226 210 189 177 181 178 161 139 130 128 122 127 122 127 143 148 123 115 108 131 144 143 153 155 143 140 153 119 125 151 158 158 158 158 159 151 132 131 144 140 149 146 143 143 143 146 143 158 171 198 201 201 200 202 205
106 108 103 103 96 94 98 103 105 107 107 107 103 92 104 104 104 105 103 106 193 177 151 141 140 109 180 207 201 201 200 202 204 204 211 208 162 102 91 96 94 88 110 141 154 136 142 172 139 130 144 141 143 143 141 138 135 134 133 132 133 134 137 140 141 145 138 131 126 163 201 206 218 217 214 205 191 167 142 124 125 127 123 123 126 123 138 144 153 131 118 115 139 153 155 149 143 142 141 138 127 137 158 159 157 157 158 156 140 127 131 143 142 150 147 144 142 143 145 142 147 164 188 205 200 201 204 207
115 108 100 100 92 92 94 100 105 107 107 106 106 94 96 105 104 104 104 97 169 173 143 153 142 104 151 207 199 200 201 200 204 211 186 127 94 95 96 94 93 91 90 129 146 153 167 195 205 178 162 149 137 137 139 136 132 132 130 132 136 136 138 143 148 138 129 130 165 200 196 199 206 211 202 180 143 125 120 123 125 123 121 125 122 130 143 145 154 142 126 115 125 140 138 135 137 143 148 149 146 153 158 154 155 155 156 147 135 126 131 143 144 151 147 144 141 142 146 143 142 162 176 202 197 199 201 205
113 103 100 98 89 90 93 98 103 106 106 106 106 99 92 105 104 104 104 96 145 172 135 153 149 107 122 200 199 200 200 206 202 154 104 95 100 96 94 94 92 91 87 108 144 155 164 183 200 210 201 192 171 152 141 137 133 125 124 133 144 149 152 148 136 124 122 120 127 118 138 206 213 160 123 122 118 120 122 122 122 121 119 126 119 137 142 147 153 148 137 116 105 122 133 139 146 148 150 152 158 158 151 153 154 154 151 138 136 125 130 144 146 151 148 144 139 141 146 142 143 152 172 191 198 196 199 203
109 101 100 94 87 91 94 98 103 105 106 105 105 104 90 100 106 103 104 98 123 178 128 144 152 138 106 186 200 197 206 190 133 101 101 100 98 95 94 93 91 90 89 89 132 156 184 193 197 205 204 210 206 198 190 180 170 163 162 167 164 149 136 120 114 113 111 106 105 110 134 186 171 120 116 116 117 120 122 121 124 118 118 124 118 144 142 152 153 147 142 119 109 125 141 149 150 152 156 159 156 149 149 154 154 152 142 132 136 126 129 146 149 150 148 143 136 137 142 142 143 144 170 183 196 193 196 198
104 100 98 92 86 89 91 97 102 105 105 105 105 106 96 91 105 104 103 102 106 176 136 127 141 143 98 166 214 212 195 133 105 103 98 97 95 94 93 92 91 90 91 85 119 189 213 198 194 204 207 209 211 204 223 184 124 138 139 136 122 108 108 109 110 111 108 109 112 116 116 115 117 112 116 116 114 117 121 124 124 115 119 118 132 151 143 154 152 147 149 120 120 141 153 155 156 159 156 151 148 145 149 155 152 145 136 131 134 127 129 149 149 148 145 142 138 138 137 142 138 141 157 183 188 186 188 190
100 98 98 89 85 86 87 93 101 104 104 105 105 105 101 88 100 103 103 104 98 164 146 109 111 116 94 138 174 146 142 125 98 94 95 95 94 93 93 93 93 92 93 87 121 227 221 197 189 194 194 206 220 216 226 144 96 102 99 100 103 105 108 108 109 111 108 112 111 115 107 107 115 115 110 118 113 114 117 124 120 113 117 126 155 149 148 155 151 151 151 117 142 158 161 159 155 151 146 145 145 146 152 155 147 140 135 131 131 128 130 148 147 149 147 143 139 139 136 140 140 142 146 180 189 183 183 184
99 97 98 87 85 86 86 92 99 103 104 105 105 105 104 90 93 105 103 104 96 145 155 116 114 110 96 104 100 96 129 111 89 93 94 93 94 94 93 94 94 92 93 91 103 202 213 185 182 189 198 209 213 213 230 158 93 108 108 107 106 106 108 108 111 111 109 111 110 112 115 112 114 115 111 111 119 114 113 113 113 112 116 150 157 150 151 153 149 154 137 133 164 159 156 151 149 149 148 148 149 151 156 154 142 136 134 131 129 129 134 148 147 150 146 144 140 139 137 137 142 142 143 160 192 184 179 182
97 100 99 86 86 86 87 92 98 102 104 105 104 104 104 96 86 102 103 104 98 127 152 115 117 111 95 101 105 101 113 103 91 90 91 93 95 94 94 96 94 92 93 95 93 170 194 174 184 193 200 207 209 216 218 171 115 95 98 105 106 107 110 111 113 112 110 112 109 112 114 113 114 113 114 109 114 121 117 110 107 108 136 161 151 151 152 153 152 160 127 140 160 152 152 151 153 153 154 156 156 158 158 147 137 135 134 131 127 129 136 146 148 150 146 144 142 139 138 135 142 143 145 144 190 191 185 188
98 101 93 83 86 86 87 93 98 101 102 104 104 104 104 101 85 94 105 104 102 111 135 117 116 120 101 97 103 98 99 100 93 89 92 94 95 94 97 96 94 93 94 98 91 143 182 173 191 202 201 195 206 205 205 207 204 166 119 91 98 109 108 109 112 114 112 112 110 111 114 100 109 112 113 113 108 116 122 120 114 118 160 153 149 150 149 150 154 157 117 148 152 154 155 154 157 158 161 161 160 159 151 139 134 133 134 131 126 126 137 144 148 148 146 144 143 139 139 134 138 146 147 141 169 208 217 219
100 100 89 84 86 85 88 93 98 100 102 103 104 105 104 102 90 85 104 104 104 101 120 127 126 137 110 93 105 98 93 93 91 90 92 94 94 97 99 94 93 94 96 98 94 137 185 180 188 193 195 201 209 199 201 193 210 198 191 154 99 100 111 111 111 111 113 114 111 109 118 108 104 110 111 113 113 108 115 122 117 141 156 149 150 149 150 151 162 128 129 156 152 158 156 159 162 161 157 153 151 145 136 131 131 133 134 130 125 123 135 144 145 147 146 142 143 140 139 137 134 144 147 145 154 218 225 226
100 97 88 83 85 84 88 93 98 99 101 103 105 105 103 103 95 81 95 105 104 100 122 155 141 141 113 90 107 101 92 95 91 90 92 94 95 101 96 93 94 97 97 102 99 136 178 179 184 185 190 207 213 212 207 197 199 179 183 203 169 96 102 116 113 111 108 113 113 110 116 121 114 113 112 111 114 114 109 113 121 147 150 150 149 150 153 160 144 119 156 156 157 158 160 161 155 145 137 132 129 126 125 128 131 133 133 131 125 120 133 143 143 147 145 142 143 141 140 139 136 140 146 151 144 202 216 212
98 94 85 83 84 85 89 93 97 98 101 103 103 102 103 103 98 84 85 104 105 100 123 163 139 145 121 88 105 107 93 97 90 91 93 94 100 100 94 94 96 100 100 100 100 141 165 171 183 185 198 210 201 212 219 197 176 178 184 187 194 129 90 107 115 112 109 110 115 114 113 118 120 119 119 116 115 117 115 109 118 150 148 149 150 153 156 152 126 152 160 159 159 159 158 149 140 132 129 126 125 124 125 128 131 133 132 131 127 119 131 142 143 147 146 143 143 142 141 138 138 137 143 154 144 177 198 188
96 93 84 84 84 86 90 94 97 99 101 100 98 101 104 103 100 88 80 98 106 100 114 158 143 143 127 88 100 117 98 95 90 92 93 97 104 96 94 95 100 99 101 126 163 170 165 169 174 194 209 192 191 190 213 186 168 177 185 189 190 175 105 90 103 115 113 108 117 118 115 116 118 119 119 120 119 118 121 117 124 151 149 148 150 151 152 134 148 161 159 160 158 156 148 141 138 138 140 138 138 135 133 134 134 133 131 131 128 119 127 143 144 147 146 143 143 143 142 139 137 137 140 150 151 157 181 168
94 93 84 84 85 87 90 94 96 97 98 95 99 104 104 103 102 91 80 88 104 101 105 154 139 129 124 89 95 118 102 92 91 93 94 105 100 95 96 98 99 113 156 197 197 181 175 172 184 216 193 195 182 182 210 176 157 185 216 202 182 188 172 139 104 94 111 113 106 115 120 116 116 119 119 120 121 121 121 113 128 152 148 148 149 151 145 136 156 154 157 157 155 152 147 145 144 145 143 142 140 138 136 137 136 132 131 128 128 122 123 143 146 148 146 144 142 143 142 140 138 137 138 145 157 147 189 186
94 94 85 84 85 87 91 94 96 96 95 96 101 103 102 102 101 93 83 81 99 104 102 136 136 131 130 90 91 116 112 89 93 93 102 105 95 96 95 108 138 164 174 181 180 177 171 181 216 192 176 201 190 181 197 170 165 211 237 219 185 180 192 219 201 140 107 103 106 103 111 118 119 118 118 118 117 115 114 110 133 152 148 149 150 152 135 143 153 151 154 153 149 145 144 144 143 143 141 140 138 137 136 138 134 131 129 124 125 125 121 140 146 147 146 144 142 143 143 141 137 138 137 140 160 146 194 217
94 96 85 83 85 88 91 94 96 96 97 99 100 102 102 102 102 95 85 79 92 105 101 131 136 140 133 90 91 108 125 91 93 98 109 96 92 99 134 172 174 164 165 166 170 175 179 208 199 168 175 187 157 167 193 161 173 193 214 188 176 180 182 215 223 206 188 167 155 137 113 105 103 105 109 110 110 110 109 104 137 152 148 150 151 149 131 151 153 154 155 148 141 139 140 140 140 140 139 139 137 136 134 133 131 129 126 122 123 124 121 136 145 146 146 145 141 142 143 142 138 138 137 135 160 153 186 228
95 96 85 84 86 88 91 93 95 95 97 97 99 101 102 102 102 96 87 81 83 102 102 126 139 151 144 91 89 100 132 99 93 110 96 92 126 167 187 182 163 159 172 175 175 188 202 199 170 167 182 172 150 180 179 153 167 167 161 160 175 182 176 199 210 197 187 186 187 185 184 173 161 148 130 128 134 136 145 157 153 147 149 150 152 138 137 155 155 155 147 138 136 137 138 140 139 139 138 137 136 134 133 132 130 128 126 124 124 120 116 131 144 145 145 146 143 141 143 143 139 138 138 133 152 169 186 228
96 96 84 85 87 89 91 93 94 95 96 96 99 100 101 102 100 96 89 84 80 94 106 121 142 160 160 95 88 96 129 115 104 99 108 164 203 189 173 170 162 164 177 181 192 202 187 187 166 170 176 157 156 192 167 156 159 159 161 162 170 172 173 194 197 187 180 177 180 189 204 209 230 235 215 211 215 203 215 221 158 145 150 149 150 129 148 155 150 143 135 132 135 137 140 141 140 139 136 135 135 132 132 131 130 129 128 126 124 122 113 123 143 144 145 146 143 141 143 143 140 138 140 136 139 181 200 229
96 95 84 85 87 89 91 93 94 96 98 97 98 100 101 102 101 97 91 85 81 86 109 117 138 167 175 103 86 95 120 140 108 132 178 190 182 177 162 160 163 172 189 205 201 175 190 187 173 183 161 156 173 206 160 158 159 169 179 169 155 155 173 194 190 172 173 178 176 178 184 188 214 225 206 214 227 208 201 200 151 148 149 150 142 132 153 145 137 133 133 134 140 141 144 140 138 133 130 133 132 130 131 131 130 129 128 126 124 122 115 116 141 143 144 147 143 141 143 143 141 138 140 138 131 176 223 217
98 94 82 85 87 89 91 93 94 95 96 95 97 100 101 101 101 98 92 87 83 81 106 120 137 172 180 107 84 94 110 152 168 181 187 190 193 195 172 154 167 176 185 191 176 172 204 204 190 178 160 161 191 195 161 159 160 168 173 160 151 150 164 184 183 171 171 169 164 162 169 176 200 212 208 211 217 201 196 196 151 151 148 148 136 143 147 136 132 133 136 140 145 145 144 137 133 127 127 130 128 127 131 130 129 129 127 124 124 122 117 114 137 142 142 146 144 141 142 142 142 137 139 139 130 156 228 187
104 90 82 86 87 90 91 93 94 95 95 97 100 100 100 101 100 98 93 88 85 80 95 123 139 174 184 110 83 94 100 144 201 199 200 206 208 204 178 159 173 184 185 173 175 190 217 221 201 166 167 186 201 187 162 168 168 173 172 155 152 151 155 164 167 170 170 166 164 173 178 183 189 200 208 206 200 199 209 183 151 151 145 142 135 148 142 137 140 143 144 146 147 145 140 132 127 124 126 126 124 125 129 128 127 129 124 122 124 118 113 110 134 141 140 145 145 142 141 141 142 136 138 140 134 136 215 188
102 86 83 86 88 90 91 93 95 98 97 98 101 100 100 102 100 98 93 90 87 83 85 118 143 173 185 115 81 93 97 124 195 207 192 193 195 184 166 168 180 200 204 186 180 200 215 220 199 177 177 202 207 185 163 179 182 196 202 180 163 168 173 175 177 182 187 187 194 203 205 206 207 212 219 221 220 228 222 162 151 148 145 140 136 148 144 144 148 148 147 149 145 142 134 127 123 122 123 121 122 126 128 125 128 128 121 122 118 112 108 106 130 139 138 143 145 142 142 141 142 138 136 140 138 127 190 200
99 85 84 86 89 90 92 93 94 97 96 96 97 99 100 101 100 97 94 91 89 85 80 108 146 174 190 118 80 92 97 112 169 186 170 171 171 165 165 177 189 202 204 192 192 202 209 208 201 198 199 213 212 205 203 211 215 224 228 223 220 224 227 229 232 233 236 237 240 241 242 243 244 245 245 246 246 251 230 153 147 145 143 137 139 143 141 144 145 143 143 149 142 136 127 123 121 123 122 123 125 128 127 126 129 125 120 121 119 116 115 116 129 136 135 140 146 143 142 141 142 139 135 139 139 129 165 208
98 84 86 88 89 91 92 93 93 94 93 94 95 99 101 100 99 98 95 92 90 87 81 95 144 171 191 130 79 91 97 105 153 202 201 204 207 210 214 217 222 224 225 225 229 231 234 234 236 238 238 240 240 243 245 246 246 246 246 247 248 248 248 248 248 248 248 248 248 248 249 249 249 250 250 250 249 254 233 148 142 143 136 129 125 126 125 125 132 132 140 146 135 129 123 121 124 127 129 128 129 130 128 127 129 123 122 124 121 121 127 126 128 134 131 136 145 143 142 141 142 141 135 138 139 134 146 206
95 84 87 88 90 92 93 93 93 94 94 95 98 100 102 101 100 98 95 93 91 88 84 83 131 167 188 137 79 90 97 100 138 237 247 246 247 247 247 247 247 247 248 248 248 248 248 248 248 249 249 249 250 249 249 249 249 250 250 250 250 250 250 250 250 249 248 248 248 246 244 242 239 236 233 230 226 226 205 139 135 140 135 121 100 106 109 111 118 128 146 139 126 122 122 124 127 131 132 130 131 131 129 129 128 124 125 125 126 133 135 121 123 129 125 130 144 144 143 141 142 143 135 136 139 138 134 198
91 87 88 89 90 92 93 93 94 96 95 98 99 101 101 100 100 99 96 94 92 89 87 79 116 168 183 151 82 89 95 101 120 228 253 248 249 249 249 250 250 251 251 250 250 250 250 250 249 246 245 244 243 244 241 239 236 233 231 228 224 219 216 213 208 203 199 197 195 188 182 177 172 169 165 161 158 154 153 142 129 136 136 122 100 105 113 118 127 145 147 126 121 123 126 129 131 136 134 133 134 133 132 131 131 130 131 133 136 140 129 117 123 123 118 124 140 145 143 141 142 144 136 135 137 139 131 182
89 89 91 91 91 93 94 94 96 97 97 100 99 100 101 99 99 98 96 95 94 91 89 83 95 156 176 162 87 87 94 101 106 190 248 238 237 235 233 230 227 223 220 217 212 210 206 203 196 206 197 199 197 176 175 172 168 164 160 159 160 160 156 151 148 147 146 148 149 145 142 143 143 142 142 141 140 139 138 148 129 132 122 109 105 110 131 139 150 153 134 123 126 130 133 137 138 140 137 137 138 137 136 136 137 137 138 141 141 132 121 122 118 118 113 116 135 146 144 140 141 145 138 135 136 140 133 161
90 90 92 92 92 93 95 95 95 96 98 100 100 100 101 100 99 98 97 96 95 91 90 87 83 142 170 161 93 85 92 97 103 140 181 172 170 167 163 161 159 157 158 157 154 154 153 151 145 187 156 188 163 137 143 143 142 142 141 143 145 145 144 142 140 139 139 139 138 138 139 139 139 140 140 140 140 141 140 149 136 130 118 116 110 116 136 149 144 132 130 127 132 137 140 144 145 139 130 136 138 138 137 142 141 142 144 141 132 124 122 125 116 116 113 111 130 142 144 140 140 145 140 134 135 139 137 143
89 89 91 92 92 93 94 95 96 95 96 99 100 101 101 100 99 99 98 97 95 93 92 89 81 118 163 161 100 84 91 96 100 120 147 143 144 142 140 139 140 141 142 141 140 140 140 138 145 186 147 195 143 137 139 140 139 140 140 141 142 140 140 140 139 140 143 147 161 154 142 145 151 160 163 160 159 161 163 173 154 126 122 110 112 120 123 131 125 117 131 132 138 142 141 133 132 132 126 136 137 138 137 145 144 144 136 127 124 123 124 123 118 118 114 108 126 132 142 142 140 144 142 135 134 137 139 137
89 90 90 92 93 94 95 95 96 96 96 98 100 101 101 100 98 98 98 98 96 95 94 91 84 101 155 158 104 83 91 94 99 108 139 138 136 134 141 144 141 141 143 145 149 153 150 139 161 179 163 191 147 157 150 146 147 147 147 146 140 139 144 151 154 154 161 181 197 188 176 193 184 176 183 185 182 181 179 186 193 141 123 120 119 124 126 122 118 111 123 135 139 135 128 115 118 129 129 140 142 142 146 145 136 129 123 121 125 124 125 121 119 121 115 121 130 124 137 143 141 144 145 136 134 137 141 138
90 91 91 93 95 95 96 97 97 95 96 98 100 102 100 100 98 98 99 99 97 96 95 93 88 90 143 152 102 84 90 93 98 102 133 136 126 150 193 191 177 174 175 175 179 186 184 170 189 176 190 183 165 176 173 163 164 165 162 157 153 148 157 167 167 162 159 171 187 183 198 218 205 172 180 190 193 193 185 186 202 185 132 123 127 126 134 124 116 112 114 124 128 120 114 112 122 130 133 143 143 143 140 130 122 122 123 126 130 126 123 119 121 122 131 129 127 140 137 140 141 143 146 138 135 136 141 140
90 92 92 93 95 96 96 96 97 97 98 99 101 102 101 100 99 98 99 100 98 96 96 94 92 84 129 157 106 84 90 91 97 99 134 148 138 179 217 214 200 198 192 181 178 194 201 190 201 181 201 170 164 173 175 170 165 174 178 174 174 162 167 181 177 166 159 159 161 162 185 206 191 173 179 185 193 201 193 187 186 177 203 159 123 122 132 120 115 117 111 115 116 116 115 113 124 138 141 138 134 120 118 121 123 127 128 132 130 123 119 120 122 121 139 145 123 147 139 138 142 142 147 141 136 135 140 142
90 92 92 94 95 97 96 97 98 97 99 100 101 101 100 100 99 99 99 101 99 97 96 95 94 85 116 156 106 84 90 90 95 96 138 171 160 168 198 195 191 195 192 175 171 196 204 195 197 190 195 165 166 164 172 171 164 174 182 179 177 162 172 185 182 174 171 176 176 169 166 167 174 183 183 182 194 206 202 194 175 162 207 172 115 117 115 115 111 113 110 110 111 114 113 113 120 124 126 120 116 111 123 126 130 131 132 131 124 119 119 121 129 143 123 141 145 138 141 138 140 143 147 144 137 137 140 145
90 92 93 94 95 96 97 98 98 97 99 100 101 102 101 100 99 99 99 101 99 98 97 97 95 87 106 152 105 84 90 90 94 95 137 178 168 152 167 177 182 183 184 178 181 200 202 190 193 196 177 164 171 168 171 173 167 167 171 171 171 157 170 183 178 176 181 188 189 179 162 162 174 186 180 182 197 208 208 203 185 168 158 132 142 122 109 112 110 109 109 113 115 112 112 113 115 112 116 114 111 115 130 131 131 131 130 124 120 117 121 123 135 143 134 135 154 130 139 142 136 141 145 147 139 139 141 145
