138 141 134 206 255 253 255 255 255 255 255 255 255 248 249 253 253 253 252 252 251 250 249 246 244 239 234 230 225 220 214 209 203 197 191 189 184 182 178 174 172 169 167 165 161 160 158 155 153 152 149 149 145 142 140 135 132 129 127 129 129 127 124 121 118 116 117 117 111 120 114 121 117 189 255 246 247 249 250 250 249 248 247 243 239 235 229 223 216 210 203 198 194 189 185 182 175 172 169 168 166 165 163 160 158 156 153 152 149 147 144 142 141 141 139 137 136 135 135 135 137 140 142 137 143 237 255 254 
139 141 134 205 255 253 255 255 255 255 255 255 255 248 249 253 253 253 252 252 252 251 249 247 243 239 235 231 225 220 214 208 202 197 192 188 184 181 178 173 171 169 166 165 162 160 158 156 155 152 149 148 145 142 138 135 132 129 129 129 131 129 125 121 119 116 119 115 114 122 113 121 119 190 255 247 247 249 250 250 249 248 247 244 240 236 229 223 217 210 204 199 194 189 185 181 176 172 170 167 166 164 161 159 157 154 152 150 147 144 142 139 139 138 138 136 135 134 135 135 136 140 142 137 142 236 255 254
139 141 134 204 255 253 255 255 255 255 255 255 255 248 249 254 254 253 252 252 252 251 249 247 244 240 236 231 226 220 214 209 203 197 194 189 184 180 178 174 171 169 167 166 163 161 159 158 157 152 150 147 145 142 137 135 133 129 127 129 130 127 126 121 119 116 119 111 117 119 112 121 117 189 255 247 247 249 250 250 249 248 248 245 240 236 230 224 217 211 204 200 195 189 185 182 177 172 169 167 165 163 160 158 154 152 150 147 144 142 140 137 137 137 136 135 134 133 134 134 135 139 141 135 141 237 255 254
139 141 134 205 255 253 255 255 255 255 255 255 255 248 250 254 254 253 252 252 252 251 250 247 246 242 235 230 225 219 213 208 203 196 194 190 183 181 178 173 172 170 168 166 163 161 160 159 157 153 151 147 144 142 138 136 133 130 128 128 131 129 127 123 119 117 118 110 120 115 114 120 117 188 255 247 248 249 250 250 249 249 248 245 241 236 231 224 218 212 205 200 195 190 185 182 176 172 168 166 163 160 158 155 152 150 147 145 142 139 138 135 135 137 136 135 134 133 133 133 134 138 141 135 142 238 255 254
140 141 135 206 255 253 255 255 255 255 255 255 255 249 250 254 254 253 253 252 252 251 247 245 245 242 235 230 225 219 213 208 202 197 192 189 184 181 178 174 173 170 168 166 164 162 160 159 157 153 152 148 145 142 139 137 133 130 128 129 130 127 126 123 120 120 115 111 120 112 116 119 117 187 255 248 248 250 250 250 249 248 248 246 241 237 231 225 219 212 205 200 195 190 185 181 175 170 167 164 161 158 155 152 150 148 145 143 140 137 136 134 134 136 135 134 133 132 132 133 134 138 141 134 142 238 255 254
139 141 135 205 255 253 255 255 255 255 255 255 255 249 250 254 255 254 252 253 252 249 245 244 243 239 234 229 224 218 213 208 201 197 192 188 184 181 178 174 172 169 167 166 164 163 160 159 158 154 152 150 146 143 140 137 134 131 128 129 130 127 126 124 122 121 113 117 118 111 117 117 116 185 255 248 248 249 250 250 249 248 248 245 241 237 231 225 218 212 205 199 195 190 184 180 175 169 166 163 159 157 153 151 149 147 144 142 140 137 136 134 134 135 135 135 133 133 132 133 134 137 140 134 142 239 255 254
140 142 134 204 255 253 255 255 255 255 255 255 255 249 250 254 254 253 253 252 251 248 246 244 242 238 234 230 224 218 212 207 201 196 191 188 184 180 178 174 172 169 168 166 163 163 162 161 159 155 152 152 146 144 141 137 135 132 128 128 130 127 124 124 124 120 112 121 114 112 117 116 114 184 255 248 248 250 251 250 249 248 248 245 241 237 231 225 219 212 206 199 194 188 184 181 174 168 165 162 159 155 152 150 147 146 144 142 139 137 135 133 133 135 135 134 133 133 132 132 134 136 138 134 146 240 255 254
140 142 134 203 255 253 255 255 255 255 255 255 255 249 250 254 254 254 252 252 251 248 246 244 242 238 234 229 224 217 212 207 201 195 191 188 183 181 178 175 173 169 168 166 165 164 163 161 159 156 153 152 148 145 142 139 136 133 130 129 131 128 124 123 125 119 112 121 111 115 116 116 113 183 255 248 248 250 251 250 249 248 248 245 241 237 232 225 219 212 205 199 194 187 184 180 174 168 165 161 159 155 151 149 146 145 143 142 139 136 134 132 132 135 135 133 133 133 131 132 133 135 137 134 150 241 255 254
139 141 134 201 255 253 255 255 255 255 255 255 255 249 250 254 254 254 252 252 251 248 246 244 241 238 233 228 223 216 211 206 200 195 191 187 183 181 179 177 173 170 167 166 165 165 164 162 160 157 156 153 150 146 143 140 137 133 131 129 130 129 126 123 127 116 115 119 110 118 114 115 112 182 255 248 248 249 250 250 249 248 248 245 241 237 232 226 219 212 205 199 194 187 183 180 173 167 165 160 158 155 150 148 145 144 143 141 138 135 134 132 132 135 134 133 132 132 132 131 132 134 136 133 151 241 255 254
139 141 133 199 255 253 255 255 255 255 255 255 255 249 249 254 254 254 252 252 251 249 247 244 241 237 233 228 222 215 210 205 200 193 190 187 182 181 179 176 172 170 168 165 165 165 165 163 160 158 157 154 151 147 143 140 137 134 130 129 129 127 124 123 127 113 117 115 112 118 114 115 112 180 255 248 248 249 250 250 249 247 247 244 240 237 232 225 219 213 205 199 194 187 182 179 172 166 164 160 157 154 150 147 144 143 143 141 137 135 133 132 131 134 134 133 131 131 131 130 131 134 135 133 152 242 255 254
138 141 133 197 255 253 255 255 255 255 255 255 255 249 249 254 254 254 252 252 251 250 247 244 242 237 232 228 220 213 209 205 198 192 188 185 182 180 177 173 171 171 169 166 166 166 165 163 160 158 157 154 151 147 143 141 137 134 130 128 128 125 124 125 125 110 119 113 113 117 113 115 113 179 255 247 248 249 250 250 249 247 247 244 240 236 232 226 219 212 204 199 193 187 182 178 171 166 163 159 156 153 150 146 144 143 142 139 137 135 133 131 131 133 133 132 131 131 130 130 131 133 135 133 152 242 255 254
138 140 133 195 255 253 255 255 255 255 255 255 255 249 249 254 254 254 253 252 251 250 247 245 243 238 232 227 220 212 208 203 197 192 188 183 180 178 176 173 171 170 168 167 167 166 165 163 160 158 156 153 150 147 144 141 136 133 130 128 127 125 124 126 122 111 118 114 110 115 112 116 112 178 255 248 247 249 250 250 249 247 247 244 240 236 231 225 219 212 204 198 193 186 181 178 171 166 162 159 156 153 149 146 144 142 141 139 136 134 132 130 130 133 133 132 130 130 130 129 130 132 134 132 152 242 255 254
137 140 132 192 255 253 255 255 255 255 255 255 255 249 249 254 254 254 253 252 251 248 245 244 241 237 231 225 219 211 207 201 196 191 187 183 179 177 175 172 171 168 167 167 167 165 163 162 160 158 155 153 150 146 144 140 135 133 130 128 125 124 124 127 118 113 117 115 109 106 111 115 111 177 255 247 247 249 250 249 249 247 246 243 240 236 231 225 219 211 204 198 192 186 181 178 171 166 162 159 156 152 148 146 144 142 141 139 136 134 133 131 130 132 133 131 129 129 130 130 129 131 133 132 153 243 255 254
137 140 132 191 255 253 255 255 255 255 255 255 255 249 248 254 254 254 253 253 250 249 246 243 240 235 229 224 218 210 205 200 194 189 186 180 178 175 173 170 169 165 166 165 165 165 163 161 160 157 155 152 150 145 144 140 134 133 130 126 124 124 124 127 113 114 116 114 111 111 108 115 109 175 255 247 247 249 250 250 249 247 246 243 239 236 231 225 219 211 205 197 192 186 181 177 171 166 161 158 155 152 148 145 144 142 141 139 136 134 132 131 130 133 133 133 130 128 129 129 129 130 132 131 153 243 255 254
138 139 131 190 255 253 255 255 255 255 255 255 255 249 248 254 254 254 253 252 250 249 245 242 238 233 227 221 215 210 203 198 193 188 183 180 177 174 172 168 167 164 164 165 165 164 162 162 161 159 156 154 151 147 141 139 136 131 126 123 122 122 122 124 110 117 116 112 109 111 108 115 108 174 255 247 247 248 250 249 248 247 246 243 239 235 231 225 218 211 204 198 192 186 181 176 170 165 161 158 154 152 148 145 144 142 141 138 136 134 132 130 129 132 133 134 130 127 127 126 126 129 131 131 153 243 255 254
138 140 131 189 255 253 255 255 255 255 255 255 255 249 248 254 254 253 253 251 250 248 244 241 237 232 224 219 215 209 202 198 194 187 182 180 176 173 171 168 166 164 165 164 155 150 151 156 153 143 131 122 120 122 118 119 119 125 126 124 122 119 120 121 108 118 115 112 109 110 108 114 107 172 255 247 246 248 250 249 248 246 246 243 239 234 230 225 218 212 204 198 192 185 181 176 170 166 162 158 154 152 149 146 144 142 140 137 135 133 132 130 128 131 132 130 128 127 125 125 126 129 131 130 153 243 255 254
137 140 131 188 255 253 255 255 255 255 255 255 255 249 249 254 254 253 253 251 250 247 244 241 237 231 223 219 214 206 201 197 195 186 181 177 173 171 170 167 164 161 162 159 142 138 133 128 117 102 103 100 100 101 103 93 94 98 108 115 116 118 119 118 106 118 115 110 109 108 108 112 105 172 255 247 246 248 249 249 248 246 246 243 239 234 230 224 218 211 204 198 192 185 180 176 170 165 161 158 155 152 150 146 143 141 139 136 135 133 131 129 127 131 131 129 128 126 125 124 125 128 129 130 153 243 255 254
138 139 131 187 255 254 255 255 255 255 255 255 255 249 249 254 254 253 253 252 250 246 243 240 237 229 223 219 213 204 200 196 192 185 180 176 171 169 167 164 162 163 151 146 135 129 119 114 105 104 99 99 103 106 100 86 86 83 83 88 92 109 118 119 105 112 115 107 107 105 108 109 104 171 255 247 246 248 249 249 247 246 245 242 238 234 230 224 218 211 203 197 192 185 180 176 169 165 161 158 155 152 149 145 143 141 139 136 134 133 131 129 127 131 130 129 126 126 125 124 125 127 129 130 153 243 255 254
138 140 131 186 255 254 255 255 255 255 255 255 255 249 249 254 255 254 253 252 250 246 242 238 234 228 223 219 212 204 200 195 191 184 179 175 169 166 175 173 166 160 150 139 126 127 119 112 111 104 95 100 109 100 106 90 81 85 83 82 84 90 107 121 109 106 116 104 104 103 104 106 103 169 255 246 246 247 249 248 247 245 245 242 237 234 230 224 217 212 203 196 190 184 179 175 169 165 161 157 154 152 149 145 143 141 139 136 134 132 130 129 127 130 130 128 126 126 125 124 125 127 130 130 154 244 255 254
138 139 132 184 255 254 255 255 255 255 255 255 255 249 249 254 255 254 254 252 249 246 242 237 232 227 223 219 212 204 200 196 192 184 179 176 167 166 174 168 154 149 137 132 126 125 114 106 114 96 91 106 96 94 98 92 83 84 88 86 84 83 90 107 116 103 114 104 104 103 104 103 101 168 255 246 246 247 249 248 247 245 244 241 237 233 230 224 218 211 202 195 190 184 179 174 168 165 160 157 154 151 148 145 143 141 139 136 134 132 130 128 126 129 129 128 126 125 124 124 124 127 130 130 155 246 255 254
137 139 131 181 255 254 255 255 255 255 255 255 255 248 248 254 255 255 254 252 249 246 241 237 232 227 223 219 213 205 200 196 192 185 178 174 170 181 177 159 139 130 123 125 121 118 96 95 98 83 98 102 87 92 90 92 97 101 91 82 83 84 84 87 104 109 104 105 104 102 102 101 99 167 255 246 245 247 248 248 246 244 243 241 236 232 228 223 216 209 201 195 190 184 179 174 168 163 160 157 153 151 148 145 143 141 139 136 133 132 130 128 125 128 129 127 125 125 124 123 124 127 130 130 155 246 255 254
136 138 131 181 255 254 255 255 255 255 255 255 255 249 248 254 255 255 253 252 250 246 242 237 232 227 223 218 213 206 201 197 191 184 178 173 172 173 161 153 134 113 109 112 111 107 88 90 88 98 107 91 89 86 87 94 99 93 87 87 87 81 83 84 84 104 106 101 100 103 101 101 98 166 255 246 245 247 248 248 246 244 243 240 236 231 227 222 214 209 201 194 189 183 178 173 167 163 160 157 153 150 147 145 143 141 139 135 134 132 130 127 126 127 128 128 126 124 122 122 124 127 129 130 156 246 255 254
136 138 130 184 255 254 255 255 255 255 255 255 255 249 248 255 255 255 253 251 249 246 241 236 232 228 224 218 213 207 201 198 191 184 178 171 164 162 146 144 134 103 100 101 105 94 86 93 99 104 92 87 85 83 84 88 86 84 86 90 89 86 82 83 80 85 106 107 103 103 100 101 97 164 255 246 245 246 248 247 245 243 243 240 235 231 227 221 214 208 201 194 189 183 177 172 167 163 159 156 153 151 147 144 142 140 138 135 133 131 129 127 125 128 129 128 124 123 121 121 123 126 129 128 156 247 255 254
136 138 130 183 255 254 255 255 255 255 255 255 255 249 248 255 255 254 253 249 249 246 241 236 233 229 224 217 213 207 201 197 192 184 177 171 155 151 148 138 124 101 91 93 92 82 86 103 107 92 85 83 82 81 82 83 81 81 83 85 83 81 80 80 82 82 95 108 104 104 98 100 95 163 255 246 245 246 248 247 245 243 242 239 234 230 227 220 213 207 201 195 189 182 176 172 166 162 159 155 152 150 147 144 142 140 138 134 132 130 126 125 124 128 129 128 123 122 121 121 122 124 127 127 156 247 255 254
136 137 130 182 255 254 255 255 255 255 255 255 255 250 248 255 254 253 252 249 248 245 240 236 234 230 224 217 212 207 201 196 191 184 176 177 175 164 141 108 106 100 83 93 86 79 93 104 92 81 80 79 80 80 79 79 79 79 78 77 77 77 81 81 79 81 86 103 103 101 98 100 94 162 255 246 244 246 247 246 245 242 242 239 234 230 226 220 213 207 200 195 188 181 175 171 166 162 159 154 151 149 147 144 142 139 137 133 131 128 125 124 124 127 128 128 123 121 120 120 121 124 126 127 156 247 255 254
135 137 129 181 255 254 255 255 255 255 255 255 255 249 247 255 254 253 252 249 248 244 240 237 235 230 224 218 212 206 200 196 191 184 176 176 176 160 121 94 87 94 88 93 88 101 112 93 80 82 82 81 82 80 78 78 77 78 78 78 78 76 77 79 79 79 81 95 104 99 97 99 94 162 254 245 244 245 247 245 244 242 242 238 234 229 226 220 213 207 200 194 186 179 175 171 165 162 158 154 151 149 147 144 141 138 136 132 129 127 124 122 122 124 126 126 122 120 120 119 120 123 125 126 156 247 255 254
135 137 129 180 255 254 255 255 255 255 255 255 255 249 246 254 255 253 251 249 247 243 239 238 234 230 225 219 212 205 200 195 190 183 177 174 168 156 116 91 83 83 99 97 100 99 106 114 113 121 113 100 87 80 79 79 79 79 79 79 78 78 79 80 80 79 78 85 102 99 96 98 93 161 255 245 243 245 247 246 244 242 242 239 234 229 225 220 213 207 200 192 185 179 173 170 164 161 157 154 152 149 146 143 139 136 134 130 128 125 123 121 121 123 124 125 122 120 119 119 120 122 124 125 156 247 255 254
135 136 129 179 255 254 255 255 255 255 255 255 255 249 246 254 255 254 251 248 247 244 240 237 234 230 225 219 211 204 198 194 189 182 177 170 169 154 124 103 87 84 104 111 112 120 134 144 139 142 142 133 116 99 90 88 83 79 78 78 78 78 78 79 80 82 80 79 93 100 95 98 92 160 254 245 243 245 246 245 243 241 240 237 232 228 224 218 211 205 197 188 183 179 173 168 163 160 157 153 151 148 145 142 138 135 132 129 126 124 123 120 120 122 123 123 122 120 118 118 119 121 123 124 155 247 255 254
135 136 129 177 255 254 255 255 255 255 255 255 255 249 246 254 255 254 251 248 246 245 241 236 233 228 224 217 210 204 198 194 187 181 176 172 169 158 140 119 98 98 110 124 137 155 158 157 150 138 150 149 137 122 103 90 87 83 79 79 78 78 80 79 79 81 83 79 84 99 96 98 92 158 253 244 243 244 245 244 243 241 240 236 232 227 223 217 211 204 197 189 183 177 172 167 162 159 156 153 150 147 144 141 137 134 132 128 126 124 122 119 120 123 123 122 120 119 117 117 119 121 122 123 155 247 255 254
135 136 129 175 255 254 255 255 255 255 255 255 255 249 245 254 255 254 250 248 246 241 236 233 231 227 222 216 210 204 198 193 187 179 175 168 168 161 149 132 121 146 151 142 157 159 154 152 149 138 146 154 147 140 125 108 94 84 81 80 79 80 81 81 86 87 88 83 80 89 91 97 92 159 253 244 242 244 245 244 242 241 240 236 231 227 223 217 210 203 196 189 183 177 170 166 161 158 156 152 149 145 142 138 136 134 132 129 126 123 121 119 121 124 122 120 118 117 116 116 118 120 121 123 156 248 255 254
135 136 129 175 255 254 255 255 255 255 255 255 255 248 245 254 255 252 247 243 240 236 232 232 231 227 221 215 211 205 198 193 188 179 175 168 166 167 156 143 167 192 183 168 161 165 153 146 152 146 142 156 155 153 150 147 136 112 85 77 79 79 78 99 102 96 89 85 81 82 85 91 85 144 254 244 241 243 244 244 242 240 240 235 231 227 223 217 211 203 196 189 183 176 170 166 160 157 154 150 147 144 141 137 135 133 131 129 126 123 120 118 119 121 121 119 117 116 115 115 117 120 121 122 157 248 255 254
134 136 129 174 255 254 255 255 255 255 255 255 255 248 244 254 250 244 241 237 236 234 232 232 231 227 222 217 212 207 200 196 190 180 175 169 172 169 161 155 192 198 185 175 157 166 162 154 156 153 152 166 164 159 155 154 155 153 125 92 81 76 87 117 117 118 104 79 80 80 80 83 82 97 203 249 240 242 244 243 242 240 239 235 231 227 222 216 210 203 195 188 182 176 171 165 159 155 151 147 144 143 140 137 135 134 131 128 125 123 120 122 120 119 119 118 116 115 114 115 116 119 120 122 157 249 255 254
135 136 129 173 255 254 255 255 255 255 255 255 255 248 242 246 242 240 238 237 236 236 236 235 232 228 224 219 214 207 202 197 190 181 177 171 170 164 161 152 187 196 184 177 160 168 172 169 160 163 154 152 148 148 157 159 161 164 157 122 96 84 104 114 109 115 127 89 76 79 79 79 80 80 159 249 238 241 244 243 242 240 238 234 230 225 222 215 210 202 195 188 182 176 170 166 159 154 150 146 145 143 140 138 136 135 133 129 125 122 122 124 122 119 117 116 114 114 113 113 115 118 119 122 158 249 255 254
135 136 129 172 255 254 255 255 255 255 255 255 255 248 234 238 240 240 238 241 242 242 241 239 237 236 233 228 220 211 201 195 187 178 171 166 166 156 160 146 169 186 185 181 168 164 171 173 164 135 127 135 133 138 145 153 165 166 166 144 106 99 131 141 119 124 139 95 74 82 80 78 79 89 170 246 237 237 240 243 241 239 238 234 229 225 221 215 209 202 195 188 182 175 169 165 158 153 151 147 144 142 140 137 135 134 135 133 126 123 127 125 124 120 115 114 113 113 112 112 115 117 119 121 158 250 255 255
134 136 129 171 255 254 255 255 255 255 255 255 255 247 231 237 240 241 241 248 250 249 244 236 226 212 197 180 165 153 141 134 128 123 120 119 145 149 132 131 144 179 191 189 178 175 172 158 118 116 142 145 140 129 131 152 165 166 165 157 119 95 140 145 126 144 136 89 74 81 80 78 79 87 125 229 235 236 236 241 241 238 237 233 228 225 220 215 208 201 194 186 181 174 168 164 157 152 150 146 144 142 140 136 134 133 133 132 127 125 130 125 125 120 115 112 112 112 111 112 115 117 120 124 156 250 255 255
134 136 128 170 255 254 255 255 255 255 255 255 255 247 231 238 240 243 249 246 224 196 170 148 130 117 110 104 102 102 102 102 103 104 106 108 127 148 123 111 131 177 178 193 190 182 168 139 110 137 156 144 121 114 149 168 168 165 160 157 135 97 128 138 142 191 152 76 76 79 78 77 79 76 126 221 220 236 234 238 240 237 235 232 227 224 219 214 207 201 193 184 180 173 168 164 157 153 149 144 143 140 138 136 134 132 130 129 126 126 128 123 123 121 117 114 113 112 112 112 116 119 117 115 182 255 255 255
134 136 128 169 255 254 255 255 255 255 255 255 255 247 231 237 249 241 200 153 123 109 105 104 107 108 107 108 108 108 107 106 105 104 105 106 110 122 120 118 121 172 187 175 174 180 169 145 128 120 130 101 97 139 172 177 173 164 157 152 145 121 132 151 157 202 124 72 78 78 77 78 79 77 93 155 212 228 228 236 237 235 234 231 226 222 217 212 206 200 192 184 179 172 167 163 158 152 148 144 142 139 137 135 134 132 129 127 125 125 124 121 121 122 121 113 111 112 114 114 111 110 134 195 252 255 255 255
135 135 129 168 255 254 255 255 255 255 255 255 255 247 232 249 203 137 108 106 109 110 110 110 109 108 107 107 107 106 105 105 104 103 103 102 105 107 104 111 111 143 171 139 136 173 195 164 142 125 119 133 153 178 183 179 170 160 154 150 149 143 142 157 136 127 84 78 79 79 79 77 78 79 79 128 217 228 227 232 234 234 233 230 225 220 215 211 205 198 191 184 177 172 166 163 157 152 147 144 141 137 135 135 134 131 129 126 123 121 120 119 120 122 121 112 113 109 104 112 145 198 246 255 254 255 255 255
134 135 129 167 255 254 255 255 255 255 255 255 255 249 241 176 108 106 110 110 109 107 106 105 104 103 103 102 102 102 101 101 101 100 100 101 104 103 102 102 101 121 183 175 166 143 178 194 159 159 170 184 190 190 183 169 160 152 149 148 148 151 150 158 127 135 126 77 81 78 81 86 83 79 92 137 184 208 222 228 233 233 231 228 224 220 214 209 204 198 191 183 176 171 165 160 155 150 146 143 139 135 132 133 132 129 127 124 119 118 118 117 118 121 117 112 106 124 168 220 253 255 255 253 255 255 255 255
134 135 128 167 255 254 255 255 255 255 255 255 255 255 180 104 107 104 102 100 99 98 97 95 95 95 94 94 93 93 93 93 92 91 92 92 95 94 91 92 91 89 143 197 182 107 143 205 169 171 177 189 195 190 175 162 153 147 147 147 150 153 155 157 151 156 148 90 79 78 79 87 91 86 90 116 141 164 198 224 233 229 230 227 223 219 213 209 203 197 189 181 175 169 161 157 151 147 145 141 136 133 131 132 130 126 123 121 117 117 116 116 118 119 115 113 179 243 255 255 255 253 254 255 255 255 255 255
134 135 128 165 255 254 255 255 255 255 255 254 255 250 137 104 105 100 98 98 97 97 96 96 96 96 96 96 96 97 97 97 96 97 96 98 99 98 97 98 99 99 91 139 175 123 169 209 168 167 166 182 193 183 169 158 150 146 146 147 151 154 157 156 149 156 160 118 78 79 80 87 88 87 89 93 105 136 170 196 220 229 228 225 223 217 213 207 200 194 187 180 175 169 161 156 150 146 144 139 134 132 128 128 125 122 122 119 116 116 115 115 118 119 109 171 255 254 253 253 255 255 255 255 255 255 255 255
133 135 128 165 255 255 255 255 255 255 255 255 255 252 157 125 127 126 125 125 125 125 126 126 126 126 127 127 128 127 128 128 128 128 128 129 128 128 129 128 128 129 130 123 202 218 218 214 174 164 157 157 177 176 164 155 150 146 145 149 152 153 155 151 146 155 162 143 87 77 81 86 86 84 82 81 82 96 137 167 196 224 225 224 221 217 212 206 199 193 187 180 175 169 162 157 151 147 143 138 134 131 129 127 123 121 121 119 116 116 115 114 117 117 115 223 255 253 255 255 255 255 255 255 255 255 255 255
133 134 128 164 255 255 255 255 255 255 255 255 255 251 169 148 152 151 150 150 149 150 151 150 150 150 150 150 150 149 149 149 147 147 146 146 146 145 144 143 142 141 142 135 187 235 228 214 174 165 160 142 151 166 161 154 150 148 146 151 153 151 150 146 144 153 162 160 111 76 80 80 79 79 82 81 80 86 104 149 177 208 224 225 221 216 212 205 199 192 186 178 172 166 161 158 151 146 143 138 133 131 128 125 122 120 120 118 116 115 113 113 116 115 125 241 255 254 255 255 255 255 255 255 255 255 255 255
133 134 128 163 255 255 255 255 255 255 255 255 255 250 179 164 167 167 167 167 167 167 167 167 167 167 167 167 167 167 167 166 166 165 165 165 165 164 164 163 163 162 163 155 171 231 229 193 145 120 115 137 154 166 162 154 150 147 146 149 151 150 145 141 140 150 160 167 142 83 75 78 83 86 78 78 87 95 87 116 159 193 218 223 220 216 212 205 199 193 185 178 171 166 162 158 151 146 142 138 133 131 126 124 122 120 120 117 115 114 112 111 116 113 129 245 255 254 255 255 255 255 255 255 255 255 255 255
133 134 128 162 255 255 255 255 255 255 255 255 255 250 178 164 166 167 168 168 168 167 167 168 167 167 167 168 170 170 168 166 166 166 166 164 162 161 161 160 159 160 157 176 179 223 226 196 167 153 142 153 161 159 157 153 150 147 146 146 148 147 142 135 137 148 157 166 163 117 86 78 83 85 78 84 88 92 88 95 134 179 204 216 218 216 211 205 198 192 185 178 171 167 161 157 151 146 142 138 133 130 126 125 123 120 118 116 114 112 112 111 115 113 131 246 255 254 255 255 255 255 255 255 255 255 255 255
133 134 128 161 255 255 255 255 255 255 255 255 255 251 178 163 166 167 166 165 164 165 166 167 167 167 167 169 171 167 166 167 168 165 163 162 161 160 159 159 159 158 166 222 209 192 220 195 202 217 174 172 161 144 120 134 151 145 143 143 144 143 136 129 135 148 154 164 162 135 112 90 79 77 80 82 83 90 99 88 125 168 200 210 214 215 211 205 199 192 184 178 172 167 161 157 150 145 142 138 133 130 126 123 122 120 118 116 114 112 112 112 114 113 131 246 255 254 255 255 255 255 255 255 255 255 255 255
132 134 128 160 255 255 255 255 255 255 255 255 255 252 179 162 166 166 165 164 165 164 166 164 166 167 166 167 165 161 162 166 166 162 162 160 159 159 159 159 160 152 189 223 204 180 189 199 194 220 201 142 116 111 120 146 143 138 139 141 142 138 129 124 137 148 152 156 136 125 114 109 94 77 77 80 79 87 98 85 115 158 195 207 210 213 210 205 198 191 183 178 171 165 160 156 149 144 141 138 132 129 125 124 122 120 118 115 114 113 113 112 114 113 131 247 255 254 255 255 255 255 255 255 255 255 255 255
132 133 128 159 255 255 255 255 255 255 255 255 255 252 180 162 167 167 167 165 165 166 165 165 167 169 165 165 165 162 161 162 162 161 161 160 159 159 160 161 155 168 222 218 199 167 151 157 178 190 132 116 142 135 148 148 141 142 141 139 137 129 117 124 140 147 152 133 119 126 112 129 127 106 76 77 80 83 91 83 109 153 192 200 206 212 210 204 197 190 183 177 171 165 159 155 148 144 140 137 131 129 125 124 121 119 118 115 114 112 112 112 113 114 121 235 255 254 255 255 255 255 255 255 255 255 255 255
132 132 128 158 255 255 255 255 255 255 255 255 255 252 181 163 167 167 167 166 164 163 162 161 160 160 161 162 162 160 159 159 160 163 162 162 162 161 161 158 170 214 217 201 163 151 156 130 134 145 153 175 126 108 123 135 146 149 145 137 128 113 112 128 140 148 139 122 132 130 130 132 126 127 106 77 71 80 86 78 103 154 184 198 203 212 210 203 197 190 183 176 170 165 158 155 149 144 140 136 131 129 126 123 120 119 117 115 114 112 112 111 114 114 121 235 255 254 255 255 255 255 255 255 255 255 255 255
132 133 128 157 255 255 255 255 255 255 255 255 255 251 179 167 167 166 165 166 165 164 163 164 163 160 160 160 161 163 165 166 167 168 167 168 168 167 170 203 215 195 175 166 170 157 135 174 162 110 149 124 88 106 130 150 155 150 143 129 110 107 121 129 141 145 117 114 123 122 134 126 131 126 160 159 113 81 76 76 98 149 171 192 205 214 209 203 196 190 182 176 170 165 158 154 149 143 139 136 132 129 126 123 121 119 117 114 114 111 111 111 113 114 122 235 255 254 255 255 255 255 255 255 255 255 255 255
131 132 127 156 254 255 255 255 255 255 255 255 255 250 177 160 154 153 150 149 148 148 145 144 143 141 140 140 139 140 139 139 139 138 138 137 138 130 172 232 196 166 136 101 117 161 153 180 188 103 99 94 107 149 155 153 146 139 123 106 106 119 125 128 140 124 111 122 115 129 124 107 119 135 167 179 184 168 119 83 101 159 173 191 195 211 209 203 197 189 182 176 170 165 158 154 148 143 138 135 131 129 125 122 120 119 117 115 113 112 111 111 113 114 122 235 255 254 255 255 255 255 255 255 255 255 255 255
132 132 128 155 254 255 255 255 255 255 255 255 255 251 173 159 182 171 172 171 171 170 167 169 169 167 166 165 164 164 164 163 164 162 162 161 161 156 181 220 203 163 116 78 73 82 160 189 122 91 93 91 96 112 119 124 124 112 103 101 113 121 125 128 131 107 111 119 114 119 111 120 123 140 165 166 169 182 192 122 100 145 156 176 197 215 207 203 197 189 182 176 170 165 158 154 147 142 137 134 131 129 125 123 120 118 116 114 112 111 111 110 113 114 122 235 255 254 255 255 255 255 255 255 255 255 255 255
131 132 128 154 253 255 255 255 255 255 255 255 255 250 174 163 181 162 167 166 167 166 164 166 168 167 166 161 161 161 160 160 159 159 160 159 159 157 166 219 199 178 143 87 83 66 164 177 87 90 85 78 81 84 84 97 95 89 101 103 109 118 124 131 117 104 113 110 113 110 109 122 123 154 163 163 172 173 138 134 128 100 88 92 122 189 215 201 196 188 181 175 170 165 158 152 146 142 137 134 131 128 125 122 120 118 116 113 111 111 111 111 113 114 122 236 255 254 255 255 255 255 255 255 255 255 255 255
130 131 127 153 253 255 255 255 255 255 255 255 255 249 175 162 179 161 165 165 165 164 164 166 165 166 165 160 158 159 159 159 158 160 161 160 160 159 158 217 211 181 172 120 87 75 168 146 77 80 81 80 76 75 76 86 83 78 87 92 102 117 125 127 109 110 114 105 112 108 112 117 127 163 170 164 151 121 125 123 84 85 88 89 84 93 167 207 194 188 181 175 170 164 156 152 146 141 136 134 130 128 126 122 119 117 115 112 111 111 111 110 114 115 122 236 255 254 255 255 255 255 255 255 255 255 255 255
131 131 126 152 252 255 255 255 255 255 255 255 255 249 175 162 181 162 165 165 165 164 165 166 165 165 165 159 159 158 159 159 160 158 159 159 160 161 154 205 214 179 186 151 106 81 166 124 65 76 77 78 77 76 80 90 85 81 80 93 101 117 122 120 114 117 109 107 107 103 118 111 146 162 129 100 97 121 129 85 93 92 90 89 93 92 91 170 201 186 181 175 169 163 156 152 145 140 135 133 129 127 124 121 119 117 115 112 111 110 109 111 114 115 123 237 255 254 255 255 255 255 255 255 255 255 255 255
130 131 127 151 252 255 255 255 255 255 255 255 255 249 177 161 181 164 165 165 164 164 166 165 166 166 163 159 159 159 160 161 160 158 157 157 158 164 150 187 217 181 190 166 118 94 146 89 122 140 95 76 75 77 91 91 84 84 76 83 98 114 118 116 129 125 107 113 99 107 109 110 115 91 77 94 115 138 93 92 93 91 90 89 90 91 88 103 188 190 181 174 169 162 155 151 145 140 135 132 128 126 123 120 118 116 114 112 111 110 109 110 113 114 123 237 255 254 255 255 255 255 255 255 255 255 255 255
130 131 127 150 251 255 255 255 255 255 255 255 255 249 179 160 181 165 165 164 163 164 164 164 166 164 162 160 159 158 158 160 161 158 158 157 158 161 150 170 217 184 190 169 128 109 108 80 162 185 120 79 84 94 95 91 87 85 78 74 79 85 92 120 119 108 115 107 97 107 84 81 77 80 91 105 134 116 87 94 91 90 89 90 89 89 91 82 138 195 180 174 168 162 153 150 143 138 134 132 127 125 123 119 117 115 114 111 111 110 109 109 112 113 122 236 255 254 255 255 255 255 255 255 255 255 255 255
129 129 126 149 251 255 255 255 255 255 255 255 255 249 179 160 180 166 165 164 164 163 162 164 165 165 165 164 160 159 158 160 159 159 158 158 159 161 155 156 212 206 197 172 139 114 107 99 117 179 120 89 112 99 95 89 90 88 80 75 76 71 104 133 120 114 120 96 106 87 77 82 84 84 101 114 143 96 92 92 91 91 90 90 88 89 91 88 99 180 182 173 168 163 153 149 143 138 133 132 126 124 123 119 117 115 114 111 110 109 109 109 112 112 120 235 255 254 255 255 255 255 255 255 255 255 255 255
129 130 126 148 250 255 255 255 255 255 255 255 255 249 180 159 180 166 166 165 165 164 164 163 163 164 166 161 158 158 157 159 158 157 159 159 159 159 159 160 207 220 195 160 129 118 120 109 113 207 115 85 112 103 97 91 94 90 80 76 75 81 123 128 123 117 103 104 96 76 82 84 83 89 105 128 133 89 94 91 92 91 90 88 88 88 86 87 84 155 187 172 167 162 153 149 143 138 133 131 125 123 122 119 117 115 114 111 110 109 108 108 111 112 119 234 255 254 255 255 255 255 255 255 255 255 255 255
129 130 126 148 250 255 255 255 255 255 255 255 255 249 180 160 180 167 166 165 165 165 165 162 164 161 164 164 160 161 161 160 160 160 163 162 161 159 161 160 199 219 175 138 127 132 123 101 131 197 84 86 116 113 98 92 94 90 79 78 74 100 127 113 112 119 102 103 77 79 82 83 82 95 105 138 120 88 93 92 91 90 89 88 86 83 83 84 76 123 187 172 167 162 153 150 143 137 133 130 125 123 121 119 117 115 113 111 109 109 108 108 110 111 117 233 255 254 255 255 255 255 255 255 255 255 255 255
129 129 126 145 248 255 254 255 255 255 255 254 255 249 182 158 174 168 166 166 166 165 164 164 153 145 126 106 108 107 105 107 110 107 106 106 105 107 111 99 174 221 168 144 139 139 116 100 180 162 68 90 122 117 97 102 101 92 78 77 79 130 129 111 115 111 105 83 76 80 81 83 84 103 109 145 107 89 92 91 90 89 88 85 83 82 81 82 79 91 175 174 167 161 152 149 142 137 132 129 125 123 121 118 116 114 113 111 109 109 108 107 110 110 116 232 255 254 255 255 255 255 255 255 255 255 255 255
129 129 127 138 242 255 254 255 255 255 255 255 255 247 185 135 155 172 166 166 166 165 163 169 130 126 142 121 123 127 125 106 100 126 127 131 139 125 98 97 201 213 168 145 139 137 111 120 208 110 70 92 123 118 101 116 106 95 79 73 105 148 116 106 119 111 90 76 80 81 84 84 88 109 115 146 98 90 93 91 89 88 85 85 84 82 81 80 82 77 150 178 165 161 152 148 141 137 133 128 124 122 120 118 115 114 113 110 109 109 107 107 109 110 114 230 255 254 255 255 255 255 255 255 255 255 255 255
129 127 127 131 223 248 244 245 245 245 246 245 248 239 182 152 173 170 167 167 166 166 164 170 135 83 95 102 100 101 103 99 110 145 149 141 145 132 99 111 220 207 170 142 140 133 104 148 189 75 76 92 127 123 103 118 102 95 77 79 129 124 110 115 120 96 78 80 82 83 84 81 90 115 122 145 92 92 93 90 89 86 86 87 83 82 81 81 83 77 123 178 164 161 152 148 141 136 131 128 123 122 120 117 114 114 112 110 108 108 107 106 108 109 111 228 255 254 255 255 255 255 255 255 255 255 255 255
129 127 126 128 212 239 233 234 234 234 234 234 235 229 181 162 180 172 170 170 168 167 165 172 134 97 119 112 112 112 108 94 115 118 116 116 105 107 100 112 220 207 175 143 138 132 103 185 136 70 78 92 122 130 105 127 108 102 71 101 153 112 106 125 100 81 80 81 83 82 81 78 96 121 129 142 91 92 91 89 89 87 88 86 82 81 80 80 81 80 100 168 166 160 153 147 141 135 131 127 122 120 119 116 114 113 112 110 107 107 106 105 107 108 107 220 255 253 255 255 255 255 255 255 255 255 255 255
128 127 126 129 219 246 241 241 242 241 241 239 241 234 182 159 178 174 171 171 171 169 167 174 134 114 174 168 170 170 156 102 122 139 134 129 130 127 103 104 196 210 173 142 138 117 124 195 100 77 78 91 116 134 102 136 111 100 71 119 128 103 116 107 82 81 83 81 82 82 83 80 103 126 129 138 89 91 90 89 88 87 88 85 81 80 80 80 80 82 85 148 171 159 152 147 140 135 130 126 122 119 117 115 114 112 111 109 107 106 106 104 105 108 102 204 255 249 251 251 250 250 253 255 254 251 248 247
128 127 125 130 222 249 245 245 246 246 246 246 248 240 182 159 177 175 172 172 172 171 169 175 137 108 129 139 144 131 129 106 115 126 125 119 111 110 103 113 132 184 170 139 128 85 175 156 106 77 80 88 112 142 107 119 110 97 78 126 110 111 111 85 78 85 85 83 83 82 80 79 115 136 130 136 85 94 90 87 86 87 86 84 81 80 80 80 80 81 81 116 176 162 150 146 140 134 129 126 122 119 117 115 113 112 111 108 106 106 107 104 105 107 100 191 247 240 241 241 241 240 244 248 246 238 232 231
127 127 126 126 208 236 231 232 234 234 235 235 239 233 183 159 177 176 173 173 173 172 170 175 138 109 126 142 160 131 125 106 116 125 125 125 117 115 98 131 115 127 155 136 83 117 190 122 122 76 82 86 104 144 107 116 104 89 81 129 106 109 88 78 83 87 84 82 80 79 76 83 124 135 125 133 86 93 86 83 86 88 86 85 81 80 80 80 79 79 85 80 108 153 152 145 138 134 129 126 121 119 116 115 113 111 110 108 106 107 107 105 104 106 100 193 250 242 242 242 242 241 242 243 240 235 232 231
127 127 126 125 200 226 218 220 220 220 220 219 222 220 182 158 175 175 172 173 172 172 171 176 139 109 141 148 154 145 135 105 117 128 126 127 118 116 109 129 116 103 105 99 73 186 143 128 132 78 82 82 94 148 110 113 96 88 111 124 106 91 79 77 88 87 83 80 78 78 76 90 129 128 117 130 89 87 80 85 92 90 87 82 80 79 79 79 78 79 83 83 67 108 156 146 138 134 129 125 121 119 117 114 112 111 110 107 106 106 106 104 104 105 99 203 255 250 251 251 251 250 249 247 242 240 242 242
126 127 126 125 215 242 229 230 230 230 229 228 229 224 181 156 174 175 172 172 171 171 169 175 140 108 154 156 154 160 135 105 116 135 125 116 118 119 120 125 113 103 80 63 140 174 113 146 126 78 78 78 84 130 115 98 105 122 146 112 89 81 77 81 90 86 82 79 78 78 77 96 132 122 108 127 87 82 87 94 89 84 81 80 79 78 79 78 79 79 81 84 73 103 155 145 140 134 129 125 121 118 116 114 111 110 109 107 106 106 105 104 104 104 99 206 255 252 254 254 254 253 251 248 242 239 242 245
126 126 126 125 219 247 233 235 233 234 233 233 234 229 182 156 174 175 172 171 170 170 168 174 138 112 164 164 154 162 141 109 106 112 111 109 108 109 115 126 111 98 75 90 194 103 113 147 115 75 77 78 78 115 123 111 138 122 109 91 79 78 77 82 91 87 83 79 78 79 77 100 129 117 100 121 83 88 91 83 78 78 82 81 78 79 81 79 79 79 80 84 72 115 156 145 141 134 129 124 121 118 116 113 111 110 108 106 105 104 104 103 104 105 99 193 250 243 246 247 247 244 244 244 239 230 229 234
126 125 125 124 208 236 225 228 226 225 225 225 226 223 182 155 174 176 171 171 170 169 168 173 149 111 146 144 145 150 143 98 101 107 106 105 107 110 105 122 99 91 67 169 151 68 129 147 101 74 77 78 74 105 128 121 119 114 87 85 79 76 76 83 91 88 82 79 79 80 78 100 122 112 95 114 87 86 77 76 77 82 87 82 78 82 82 78 79 79 79 85 72 113 159 145 140 134 127 123 120 116 115 113 110 109 108 106 105 104 103 104 104 105 98 191 250 242 243 243 243 240 240 243 239 229 220 220
126 126 125 123 197 226 219 220 219 217 216 216 216 215 182 156 173 176 171 171 170 169 170 169 171 154 148 150 149 149 146 146 145 147 146 145 149 122 90 161 170 82 117 190 84 76 140 137 88 74 77 78 71 102 152 109 96 96 86 97 79 76 76 85 92 88 82 80 80 79 77 96 114 110 91 106 82 75 76 79 82 87 88 82 79 85 80 78 78 79 78 85 76 84 149 148 138 134 127 123 119 116 115 112 110 109 108 106 104 103 103 103 104 105 99 209 255 253 254 254 254 253 250 247 244 240 235 231
126 125 125 123 209 239 227 228 227 226 225 222 222 221 182 156 172 175 171 171 170 169 168 168 169 172 173 172 171 173 187 177 169 167 166 167 172 123 88 184 204 158 184 115 69 84 146 123 79 75 77 78 72 120 140 97 87 91 110 94 75 77 78 88 93 87 83 80 79 77 78 92 107 102 88 97 74 79 82 83 87 89 85 81 81 88 79 78 78 79 78 85 79 74 130 150 138 135 127 123 119 116 115 112 110 109 108 105 104 103 102 102 103 103 99 212 255 253 255 255 255 255 253 249 247 246 241 241
126 125 125 124 219 250 235 237 236 235 234 233 233 230 181 155 172 175 170 171 170 169 167 168 169 167 166 166 163 177 218 198 193 186 176 166 161 105 79 145 193 179 186 132 77 84 151 108 74 77 78 75 86 147 101 83 78 101 112 85 77 78 80 91 94 87 83 80 79 77 78 88 98 95 87 93 81 86 84 86 89 86 85 82 87 88 77 78 78 79 77 85 80 71 107 150 139 136 129 123 120 117 116 112 110 109 108 106 104 103 102 101 102 104 97 208 255 253 255 255 255 254 252 248 246 245 240 242
125 125 125 123 220 252 238 240 240 239 238 236 237 232 181 155 171 172 168 168 168 166 166 166 166 166 166 165 162 186 211 197 207 210 209 205 200 172 143 135 181 186 176 179 159 124 148 92 74 78 79 72 119 132 99 83 117 133 110 79 79 79 82 92 93 87 82 80 79 78 78 86 93 92 87 95 87 86 85 86 87 87 87 87 93 84 77 78 78 79 77 84 82 74 85 143 141 135 130 124 121 118 117 114 111 110 108 106 104 104 102 101 103 104 99 213 255 253 255 255 255 255 255 252 248 247 247 249
125 125 125 123 218 252 238 240 240 239 238 236 237 233 180 155 170 171 166 166 166 165 163 162 163 162 162 162 158 192 205 198 203 205 205 207 208 214 216 205 192 171 164 166 180 185 173 110 70 77 72 103 150 119 102 93 128 121 108 75 80 80 84 95 94 87 82 80 79 77 78 85 88 89 85 94 86 87 86 86 87 88 89 92 90 79 77 78 78 78 77 85 83 76 74 126 145 135 130 125 122 118 116 114 112 111 109 106 105 103 102 101 103 104 101 217 255 253 255 255 255 255 255 254 252 252 255 255
125 125 125 122 218 251 238 240 239 238 238 237 237 233 180 154 170 171 165 166 165 164 162 161 162 160 161 161 158 193 202 200 203 203 204 204 204 204 204 202 202 181 158 163 168 178 190 186 125 82 88 145 144 115 101 99 141 123 104 77 82 82 87 96 93 86 82 80 79 76 77 84 86 86 82 86 87 87 86 88 89 90 91 89 83 77 78 78 78 76 86 98 82 77 72 104 146 136 132 126 122 119 116 114 112 111 109 107 105 104 102 101 103 103 100 216 255 253 255 255 255 255 255 253 251 255 255 255
125 125 125 122 217 251 238 240 239 237 237 237 238 234 180 154 169 171 165 166 165 164 162 162 162 161 161 161 160 195 202 202 203 203 203 204 204 204 203 201 201 196 182 167 167 176 180 171 174 118 99 127 122 121 105 110 151 109 103 82 85 83 91 97 90 85 82 81 78 77 77 83 85 86 81 85 89 87 88 92 90 89 84 80 78 77 78 78 79 74 97 114 80 77 76 85 139 138 132 128 122 119 117 114 112 110 109 106 104 104 102 100 102 102 99 214 255 253 255 255 255 255 254 248 249 254 255 255
125 125 124 122 216 252 238 240 239 239 237 237 239 235 181 154 168 171 164 165 164 164 162 163 162 161 161 160 163 200 202 201 203 203 204 204 204 204 203 201 200 197 191 178 179 182 168 160 163 161 104 83 92 91 117 183 180 147 111 85 87 86 95 94 88 84 82 81 78 77 77 83 84 84 80 86 89 92 92 88 83 80 77 78 77 77 78 78 79 71 106 128 80 77 77 75 122 140 131 128 124 121 117 115 112 109 108 106 104 102 101 99 101 103 98 211 255 253 255 255 255 255 253 246 246 253 253 255
124 125 124 121 215 252 238 240 240 239 238 238 240 235 182 155 167 172 164 165 164 164 162 163 162 162 161 160 165 203 202 202 203 204 205 205 205 205 204 202 201 200 194 181 179 173 164 166 158 164 167 107 85 82 129 204 193 208 155 82 90 91 95 90 85 82 81 80 78 77 77 81 83 82 79 86 93 91 83 78 76 76 76 77 77 77 77 78 80 70 121 144 79 78 77 73 103 141 130 128 124 122 119 116 112 110 108 106 104 103 101 99 100 102 97 210 255 253 255 255 255 255 253 247 245 249 250 254
124 124 124 120 215 252 238 240 240 240 238 238 239 235 182 154 167 172 165 166 165 164 164 165 165 163 164 161 168 204 202 203 204 207 207 207 207 207 206 203 202 200 196 183 175 171 177 173 160 157 164 159 100 75 147 199 190 203 136 82 94 93 91 86 83 82 80 80 78 76 77 80 82 81 79 89 90 78 76 76 77 77 77 77 77 77 77 77 80 68 142 155 83 80 77 75 85 135 132 127 124 122 119 116 113 110 109 106 104 102 101 99 100 102 97 209 255 253 255 255 255 254 251 247 243 242 241 241
124 124 123 120 214 253 239 240 240 239 239 238 239 235 182 154 165 172 165 166 166 164 164 164 165 163 163 162 173 202 201 203 205 208 208 208 208 208 207 203 203 199 182 179 183 182 173 162 156 156 155 159 155 98 160 203 189 195 116 82 93 89 87 84 82 81 80 80 78 76 77 80 81 79 79 87 77 76 78 78 78 77 77 77 77 77 78 77 78 73 165 161 91 90 74 78 75 121 135 127 124 122 119 117 113 111 108 105 104 102 100 99 100 102 96 203 255 254 254 252 249 247 246 244 240 234 230 229
124 123 123 120 214 253 240 240 240 240 240 237 238 235 180 154 164 172 166 166 166 165 164 164 163 163 162 160 179 204 202 204 205 206 207 207 207 208 207 204 202 194 176 181 177 167 158 157 159 161 159 157 162 161 174 159 186 188 94 84 90 88 86 82 82 80 80 80 78 76 77 80 80 78 82 80 76 80 80 80 80 78 77 77 77 77 78 78 77 80 176 166 94 102 74 78 73 103 136 127 124 122 119 116 113 111 108 105 104 102 100 99 100 102 94 194 255 249 250 248 246 244 244 244 240 236 237 237
124 123 123 120 214 254 241 242 241 240 239 238 239 236 180 153 163 173 165 166 165 165 164 164 164 164 163 160 184 206 203 204 205 205 206 206 206 207 205 203 198 184 177 171 163 158 155 158 163 167 165 162 162 168 175 128 112 163 83 84 89 87 84 81 81 80 79 80 78 76 77 79 78 78 81 79 83 86 82 80 79 77 77 78 78 76 78 79 74 94 186 170 95 111 77 77 75 87 132 129 123 121 118 116 113 111 108 105 103 103 100 99 99 101 94 189 250 242 245 246 246 246 246 245 241 245 252 253
123 123 124 119 213 255 242 244 241 240 239 238 240 237 181 152 161 173 165 166 166 165 165 165 165 163 164 162 191 207 203 204 204 206 205 205 205 206 203 196 182 167 161 154 154 155 157 159 158 161 161 157 159 162 166 167 94 82 83 82 87 88 83 81 80 80 79 80 78 76 77 79 78 79 83 85 86 86 81 80 79 77 78 78 78 77 77 80 69 127 194 174 100 117 86 75 78 76 120 130 123 121 118 115 112 110 108 105 103 102 101 99 99 101 93 186 247 237 240 241 242 244 245 243 242 251 255 255
123 123 123 120 213 255 242 243 241 240 239 238 240 238 181 152 161 173 165 166 165 165 165 165 164 163 164 163 198 208 204 204 204 205 205 204 205 202 195 185 174 153 146 142 142 141 141 140 146 153 152 150 152 152 151 146 98 75 80 81 84 86 81 80 80 79 79 79 78 76 76 79 76 78 89 88 85 82 80 80 79 77 77 78 77 77 78 78 78 171 189 179 107 116 100 72 79 73 105 132 123 121 117 115 112 109 107 104 104 102 100 98 98 101 93 186 248 237 241 243 246 249 250 245 246 255 255 255
123 123 123 119 213 255 242 243 241 240 239 238 241 238 181 151 160 173 164 165 164 164 165 165 165 165 165 165 205 207 205 205 204 205 204 201 188 176 188 182 160 144 144 148 152 148 146 144 145 142 136 134 132 134 136 123 86 77 78 78 78 79 80 81 79 79 79 79 78 76 77 78 77 76 85 91 85 81 79 79 78 77 78 78 77 77 80 72 116 199 182 182 117 110 117 71 79 75 89 129 123 120 116 114 111 108 106 104 103 102 100 99 98 101 94 195 255 250 253 254 255 255 255 250 251 255 255 255
123 123 123 119 213 255 244 246 243 240 239 239 240 238 181 152 159 173 164 165 165 165 166 167 166 167 165 169 208 205 204 205 205 203 195 184 182 181 184 168 149 135 133 135 133 136 140 142 141 135 129 122 119 120 119 102 78 77 78 78 77 76 77 79 79 78 79 79 78 76 77 78 77 75 81 89 84 82 80 79 77 77 78 78 77 77 80 70 150 202 182 183 130 102 134 74 78 77 78 120 125 119 116 114 111 109 106 104 102 101 99 98 98 101 95 204 255 253 255 255 255 255 255 253 252 255 255 255
123 122 123 119 212 255 247 248 244 240 239 239 240 239 183 153 159 175 165 165 165 166 166 167 167 167 165 172 214 210 208 206 205 203 183 166 185 180 167 147 127 125 130 125 124 124 123 124 124 127 127 123 121 117 104 85 76 76 76 77 78 77 77 77 80 79 79 80 79 77 77 78 76 76 84 85 82 81 81 79 78 78 78 77 77 77 78 74 171 199 182 182 142 96 144 83 75 78 74 106 127 118 116 114 110 108 106 104 102 101 99 98 99 100 95 208 255 253 255 255 255 255 255 254 253 255 255 255
123 123 123 118 212 255 247 248 244 241 239 239 240 239 183 152 158 175 166 166 165 166 166 166 165 166 165 168 197 204 210 213 213 204 186 157 171 170 145 127 129 143 137 129 132 129 123 123 120 116 114 114 106 97 97 87 75 77 76 76 76 77 78 79 78 77 78 80 81 79 80 80 80 80 86 86 85 80 79 79 79 78 77 77 77 77 75 87 190 195 184 181 152 92 146 98 73 79 75 92 125 119 116 113 110 108 106 103 102 100 98 97 98 101 96 210 255 253 255 255 255 255 255 254 254 255 255 255
123 122 123 118 212 255 246 247 245 241 241 241 241 239 182 151 156 175 164 166 165 165 165 164 165 165 165 165 162 165 179 196 185 208 183 159 166 157 126 134 146 135 121 123 124 119 121 118 120 124 117 100 87 82 84 82 75 76 76 76 77 77 77 77 77 77 79 80 79 78 78 80 80 80 81 81 82 83 78 77 77 78 77 77 77 78 71 107 204 192 185 179 160 92 141 117 72 79 76 80 118 120 116 113 110 107 105 103 101 99 97 96 98 100 96 211 255 253 255 255 255 255 255 254 252 254 254 254
123 122 122 118 211 255 244 245 243 241 243 246 244 240 182 150 155 174 164 165 165 165 165 165 165 165 165 165 166 160 188 157 172 218 184 166 163 158 143 143 125 111 120 132 127 124 121 123 125 115 93 79 79 81 78 75 76 76 76 76 76 76 77 77 77 78 78 78 77 77 78 78 78 78 79 79 80 82 79 77 77 77 78 78 78 79 68 133 209 191 184 177 166 97 130 135 74 78 78 75 105 120 115 113 109 106 104 103 101 99 98 97 97 100 95 208 255 253 255 255 255 255 255 253 252 254 254 254
122 122 123 117 210 255 241 242 241 240 245 249 246 238 183 150 154 174 164 165 165 164 165 165 166 165 164 165 163 170 188 146 185 208 201 198 186 162 142 119 113 121 127 128 126 126 127 129 113 88 76 75 76 77 77 76 76 76 77 77 77 76 76 76 76 76 77 77 77 77 78 78 77 78 78 78 79 80 78 77 78 77 77 79 78 79 71 164 208 191 184 175 169 105 118 145 82 76 79 76 92 119 114 112 109 106 104 103 101 100 98 97 98 101 94 197 255 252 254 255 255 255 255 255 255 255 255 255
122 122 124 118 207 255 237 238 238 238 245 249 246 240 184 150 154 174 164 166 166 165 159 144 134 159 165 164 159 190 162 159 165 173 172 179 176 134 122 124 121 126 123 121 129 134 125 114 99 89 85 82 76 73 77 76 77 77 77 77 77 77 77 76 77 77 77 77 77 78 78 77 77 78 78 78 78 79 78 77 77 78 78 78 79 77 82 190 202 191 184 175 170 113 107 149 95 75 80 78 83 113 113 110 108 105 103 102 100 99 99 97 97 100 94 202 255 253 255 255 255 255 255 255 254 253 252 250
122 122 123 118 210 255 244 245 247 250 252 252 252 251 186 150 152 173 164 166 165 166 154 152 115 147 164 159 171 185 148 164 160 158 158 162 151 113 126 141 136 143 135 137 135 126 118 102 102 104 117 103 136 99 73 77 77 77 77 77 76 76 77 77 77 77 77 77 77 77 77 76 76 77 78 77 77 77 77 77 77 77 79 79 80 73 104 206 198 190 182 172 170 121 99 147 110 75 80 79 79 104 112 108 106 104 102 100 99 98 97 96 96 99 92 202 255 253 254 253 252 251 250 249 248 247 246 246
121 121 122 119 214 255 251 252 253 255 255 255 254 254 187 150 150 172 164 166 164 162 169 158 138 157 158 155 189 157 151 156 155 158 159 163 135 99 110 164 110 85 97 95 134 148 140 105 96 100 121 101 126 136 79 78 77 77 76 77 77 76 76 77 76 77 76 76 77 76 76 76 76 77 77 77 77 77 77 78 78 77 78 79 81 70 139 212 195 189 180 171 169 129 95 140 122 78 80 80 78 94 111 107 104 102 100 99 98 97 96 95 95 98 90 189 255 247 249 248 247 247 247 246 246 245 243 239
