248 248 248 248 248 248 248 248 248 248 248 248 248 248 248 248 248 248 248 248 248 248 248 248 248 248 248 248 248 248 248 248 248 248 248 248 248 248 248 248 248 248 248 248 248 248 248 248 248 248 248 248 248 248 248 248 248 247 246 247 247 248 250 252 251 249 249 251 252 249 247 248 248 248 248 247 247 247 248 248 248 248 248 248 248 248 248 248 248 248 248 248 248 248 248 248 248 248 248 248 248 248 248 248 248 248 248 248 248 248 248 248 248 248 248 248 248 248 248 248 248 248 248 248 248 248 248 248 
248 248 248 248 248 248 248 248 248 248 248 248 248 248 248 248 248 248 248 248 248 248 248 248 248 248 248 248 248 248 248 248 248 248 248 248 248 248 248 248 248 248 248 248 248 248 248 248 248 248 248 248 247 247 248 249 250 252 255 253 252 248 240 228 218 216 223 221 225 244 250 247 248 247 249 251 252 250 248 247 248 248 248 248 248 248 248 248 248 248 248 248 248 248 248 248 248 248 248 248 248 248 248 248 248 248 248 248 248 248 248 248 248 248 248 248 248 248 248 248 248 248 248 248 248 248 248 248
248 248 248 248 248 248 248 248 248 248 248 248 248 248 248 248 248 248 248 248 248 248 248 248 248 248 248 248 248 248 248 248 248 248 248 248 248 248 248 248 248 248 248 248 248 248 248 248 248 248 247 249 253 252 247 245 242 226 208 222 224 209 211 205 207 219 221 218 199 184 241 250 247 252 242 228 225 237 250 252 249 247 248 248 248 248 248 248 248 248 248 248 248 248 248 248 248 248 248 248 248 248 248 248 248 248 248 248 248 248 248 248 248 248 248 248 248 248 248 248 248 248 248 248 248 248 248 248
248 248 248 248 248 248 248 248 248 248 248 248 248 248 248 248 248 248 248 248 248 248 248 248 248 248 248 248 248 248 248 248 248 248 248 248 248 248 248 248 248 248 248 248 248 248 248 248 247 248 254 244 218 195 184 182 178 167 154 164 195 216 229 230 221 232 228 222 209 180 202 253 250 215 190 201 203 184 191 221 245 252 248 248 248 248 248 248 248 248 248 248 248 248 248 248 248 248 248 248 248 248 248 248 248 248 248 248 248 248 248 248 248 248 248 248 248 248 248 248 248 248 248 248 248 248 248 248
248 248 248 248 248 248 248 248 248 248 248 248 248 248 248 248 248 248 248 248 248 248 248 248 248 248 248 248 248 248 248 248 248 248 248 248 248 248 248 248 248 248 248 248 248 248 247 247 252 249 208 164 169 171 176 183 185 183 180 167 186 227 226 218 220 223 215 210 200 184 183 255 199 172 191 196 204 202 174 180 194 222 251 249 247 248 248 248 248 248 248 248 248 248 248 248 248 248 248 248 248 248 248 248 248 248 248 248 248 248 248 248 248 248 248 248 248 248 248 248 248 248 248 248 248 248 248 248
248 248 248 248 248 248 248 248 248 248 248 248 248 248 248 248 248 248 248 248 248 248 248 248 248 248 248 248 248 248 248 248 248 248 248 248 248 248 248 248 248 248 248 248 248 247 251 254 233 180 158 159 177 182 175 183 186 186 184 175 169 199 222 207 206 210 209 194 191 165 192 217 169 186 188 191 196 207 197 184 199 187 204 249 249 247 248 248 248 248 248 248 248 248 248 248 248 248 248 248 248 248 248 248 248 248 248 248 248 248 248 248 248 248 248 248 248 248 248 248 248 248 248 248 248 248 248 248
248 248 248 248 248 248 248 248 248 248 248 248 248 248 248 248 248 248 248 248 248 248 248 248 248 248 248 248 248 248 248 248 248 248 248 248 248 248 248 248 248 248 247 247 250 253 236 196 168 162 172 182 175 185 183 175 183 186 185 185 178 174 204 213 206 203 191 185 190 186 185 169 167 172 182 192 198 200 206 190 189 205 182 201 251 249 247 248 248 248 248 248 248 248 248 248 248 248 248 248 248 248 248 248 248 248 248 248 248 248 248 248 248 248 248 248 248 248 248 248 248 248 248 248 248 248 248 248
248 248 248 248 248 248 248 248 248 248 248 248 248 248 248 248 248 248 248 248 248 248 248 248 248 248 248 248 248 248 248 248 248 248 248 248 248 248 248 248 247 247 251 252 240 209 175 169 179 184 169 177 182 177 183 175 180 186 184 187 183 177 182 202 206 192 178 200 211 208 188 186 190 186 186 188 196 200 199 201 185 190 200 178 196 245 252 247 248 248 248 248 248 248 248 248 248 248 248 248 248 248 248 248 248 248 248 248 248 248 248 248 248 248 248 248 248 248 248 248 248 248 248 248 248 248 248 248
248 248 248 248 248 248 248 248 248 248 248 248 248 248 248 248 248 248 248 248 248 248 248 248 248 248 248 248 248 248 248 248 248 248 248 248 248 248 247 248 251 252 237 204 184 180 184 186 185 188 188 168 180 180 177 176 175 179 177 180 182 178 175 172 173 165 170 186 205 213 205 189 197 204 202 196 197 200 197 198 196 179 189 193 182 189 232 253 248 247 248 248 248 248 248 248 248 248 248 248 248 248 248 248 248 248 248 248 248 248 248 248 248 248 248 248 248 248 248 248 248 248 248 248 248 248 248 248
248 248 248 248 248 248 248 248 248 248 248 248 248 248 248 248 248 248 248 248 248 248 248 248 248 248 248 248 248 248 248 248 248 248 248 247 247 249 252 250 232 203 182 181 186 190 188 188 189 187 191 185 164 173 174 167 166 164 164 166 174 173 161 150 144 155 167 171 193 206 211 205 192 195 206 207 204 201 199 196 196 187 177 187 192 185 181 211 248 251 247 248 248 248 248 248 248 248 248 248 248 248 248 248 248 248 248 248 248 248 248 248 248 248 248 248 248 248 248 248 248 248 248 248 248 248 248 248
248 248 248 248 248 248 248 248 248 248 248 248 248 248 248 248 248 248 248 248 248 248 248 248 248 248 248 248 248 248 248 248 248 247 247 251 252 245 226 199 187 184 184 186 187 189 189 190 187 186 182 178 168 157 160 155 148 151 158 163 167 159 146 138 140 155 162 165 186 201 207 206 208 196 192 206 210 207 205 203 199 199 191 177 185 186 183 175 192 239 252 247 248 248 248 248 248 248 248 248 248 248 248 248 248 248 248 248 248 248 248 248 248 248 248 248 248 248 248 248 248 248 248 248 248 248 248 248
248 248 248 248 248 248 248 248 248 248 248 248 248 248 248 248 248 248 248 248 248 248 248 248 248 248 248 248 248 248 248 247 249 253 251 236 212 193 187 190 190 187 190 189 189 186 183 181 182 176 171 164 160 155 152 149 144 146 153 152 147 142 134 125 140 155 164 165 181 198 201 205 209 211 196 193 203 205 204 203 203 200 201 192 182 184 186 182 175 178 229 254 246 248 248 248 248 248 248 248 248 248 248 248 248 248 248 248 248 248 248 248 248 248 248 248 248 248 248 248 248 248 248 248 248 248 248 248
248 248 248 248 248 248 248 248 248 248 248 248 248 248 248 248 248 248 248 248 248 248 248 248 248 248 248 248 248 247 248 253 245 222 200 184 189 195 197 195 192 194 194 193 188 180 177 174 169 164 160 154 150 149 144 144 145 142 140 137 136 126 106 121 145 152 161 172 183 194 198 204 208 207 211 201 196 200 201 200 204 203 200 200 197 190 188 183 183 177 171 223 254 247 248 248 248 248 248 248 248 248 248 248 248 248 248 248 248 248 248 248 248 248 248 248 248 248 248 248 248 248 248 248 248 248 248 248
248 248 248 248 248 248 248 248 248 248 248 248 248 248 248 248 248 248 248 248 248 248 248 248 248 248 248 248 247 250 251 223 184 180 189 195 194 194 196 199 197 194 191 186 185 179 173 168 162 156 151 148 145 147 143 140 139 133 127 124 110 88 94 151 170 183 186 186 188 191 195 200 204 204 208 213 207 194 195 202 203 203 202 200 200 196 196 194 188 181 171 164 221 254 246 248 248 248 248 248 248 248 248 248 248 248 248 248 248 248 248 248 248 248 248 248 248 248 248 248 248 248 248 248 248 248 248 248
248 248 248 248 248 248 248 248 248 248 248 248 248 248 248 248 248 248 248 248 248 248 248 248 248 248 248 247 251 243 198 173 178 190 195 196 192 194 196 197 193 188 186 181 178 176 170 165 161 156 150 143 138 136 141 131 107 101 102 93 76 77 135 184 202 209 206 198 193 192 195 198 201 203 206 210 205 200 198 201 204 204 202 200 198 197 196 198 198 192 181 168 162 222 254 246 248 248 248 248 248 248 248 248 248 248 248 248 248 248 248 248 248 248 248 248 248 248 248 248 248 248 248 248 248 248 248 248
248 248 248 248 248 248 248 248 248 248 248 248 248 248 248 248 248 248 248 248 248 248 248 248 248 248 247 251 239 188 178 181 185 187 190 194 193 195 194 189 185 184 183 180 174 168 163 157 153 149 139 137 134 125 106 124 167 169 137 65 87 138 162 183 200 208 205 205 202 199 195 199 201 203 202 203 201 198 202 196 197 202 204 205 200 199 199 195 195 196 193 181 165 161 226 253 247 248 248 248 248 248 248 248 248 248 248 248 248 248 248 248 248 248 248 248 248 248 248 248 248 248 248 248 248 248 248 248
248 248 248 248 248 248 248 248 248 248 248 248 248 248 248 248 248 248 248 248 248 248 248 248 248 247 249 246 189 176 182 180 184 184 187 190 191 189 187 182 178 179 178 176 169 162 160 153 147 140 134 128 103 99 145 228 255 249 99 84 146 155 158 185 197 204 206 204 207 202 196 197 200 201 202 203 205 201 199 201 198 197 202 204 205 203 197 195 191 194 195 191 177 162 165 237 251 247 248 248 248 248 248 248 248 248 248 248 248 248 248 248 248 248 248 248 248 248 248 248 248 248 248 248 248 248 248 248
248 248 248 248 248 248 248 248 248 248 248 248 248 248 248 248 248 248 248 248 248 248 248 248 247 248 250 197 179 186 183 185 184 186 187 189 188 179 178 179 179 174 167 164 159 152 146 142 140 131 108 96 135 212 254 250 253 210 81 137 161 149 160 176 191 207 210 205 203 201 200 198 200 202 202 202 204 204 204 200 201 201 199 202 205 205 205 202 194 191 197 200 193 176 157 177 248 249 248 248 248 248 248 248 248 248 248 248 248 248 248 248 248 248 248 248 248 248 248 248 248 248 248 248 248 248 248 248
248 248 248 248 248 248 248 248 248 248 248 248 248 248 248 248 248 248 248 248 248 248 248 247 248 252 201 177 188 189 186 186 186 189 188 183 178 175 179 182 177 171 162 154 150 144 137 131 114 94 125 205 253 254 246 245 255 203 113 160 155 154 162 171 186 202 208 210 205 203 201 198 201 208 206 202 202 200 201 205 199 201 203 201 203 205 205 204 202 194 191 198 200 191 178 156 193 254 247 248 248 248 248 248 248 248 248 248 248 248 248 248 248 248 248 248 248 248 248 248 248 248 248 248 248 248 248 248
248 248 248 248 248 248 248 248 248 248 248 248 248 248 248 248 248 248 248 248 248 248 247 249 251 204 177 190 193 186 186 188 188 183 182 179 176 176 180 183 175 167 157 146 142 139 115 92 109 189 252 255 249 248 250 247 255 197 141 161 160 164 166 175 186 197 202 207 206 207 203 199 202 207 211 210 204 201 200 205 207 198 200 204 202 204 206 205 205 202 194 190 195 196 192 180 158 215 255 246 248 248 248 248 248 248 248 248 248 248 248 248 248 248 248 248 248 248 248 248 248 248 248 248 248 248 248 248
248 248 248 248 248 248 248 248 248 248 248 248 248 248 248 248 248 248 248 248 248 247 251 247 198 178 188 192 191 182 186 188 184 181 180 179 180 182 183 180 164 152 144 134 125 103 136 180 241 254 236 234 238 240 241 247 236 160 150 155 164 170 176 189 199 204 202 202 205 207 209 203 200 203 208 212 210 204 202 204 204 203 198 199 204 204 205 204 203 204 199 196 194 196 195 192 181 170 234 253 246 248 248 248 248 248 248 248 248 248 248 248 248 248 248 248 248 248 248 248 248 248 248 248 248 248 248 248
248 248 248 248 248 248 248 248 248 248 248 248 248 248 248 248 248 248 248 248 247 252 242 190 180 191 191 190 188 191 190 185 181 180 180 179 178 173 158 139 127 115 114 116 89 100 242 255 221 178 178 182 186 191 193 199 186 172 177 176 179 183 194 207 209 212 208 204 203 206 207 206 201 201 203 206 207 208 206 206 202 202 204 198 198 203 205 202 206 203 203 200 196 196 192 192 192 183 184 237 253 247 248 248 248 248 248 248 248 248 248 248 248 248 248 248 248 248 248 248 248 248 248 248 248 248 248 248
248 248 248 248 248 248 248 248 248 248 248 248 248 248 248 248 248 248 248 247 253 237 185 185 194 191 194 191 190 192 190 185 183 182 176 169 157 139 127 122 127 128 99 77 118 223 255 225 168 179 179 182 186 191 194 193 191 191 194 187 181 191 205 210 204 203 206 206 206 210 208 208 204 200 202 202 204 207 205 209 204 204 205 203 198 198 200 207 207 205 208 208 202 199 199 195 195 196 187 182 226 253 247 248 248 248 248 248 248 248 248 248 248 248 248 248 248 248 248 248 248 248 248 248 248 248 248 248
248 248 248 248 248 248 248 248 248 248 248 248 248 248 248 248 248 248 247 253 231 180 188 197 193 191 193 195 196 192 190 185 183 180 173 169 165 171 178 183 177 157 150 119 200 255 244 182 177 185 177 181 187 192 191 191 188 186 188 182 179 191 199 200 192 191 197 206 209 210 211 209 206 205 201 202 205 202 202 205 202 204 206 204 198 198 197 200 205 208 208 208 208 203 204 203 199 195 197 190 177 218 253 247 248 248 248 248 248 248 248 248 248 248 248 248 248 248 248 248 248 248 248 248 248 248 248 248
248 248 248 248 248 248 248 248 248 248 248 248 248 248 248 248 248 247 253 227 179 191 196 194 194 192 196 199 199 197 192 189 186 184 183 185 189 194 184 171 167 172 150 159 250 252 223 157 179 177 175 182 186 189 191 189 186 186 188 183 180 193 201 203 204 201 203 206 207 210 211 209 208 210 206 202 200 199 201 202 201 205 206 206 198 199 198 198 199 200 204 207 209 208 205 211 208 201 201 196 185 172 219 254 247 248 248 248 248 248 248 248 248 248 248 248 248 248 248 248 248 248 248 248 248 248 248 248
248 248 248 248 248 248 248 248 248 248 248 248 248 248 248 248 247 253 226 179 192 197 194 195 194 193 199 200 195 197 194 193 195 193 192 188 186 178 182 188 187 178 134 155 226 255 198 153 173 173 169 174 178 183 185 185 182 184 189 183 181 187 202 213 213 212 211 211 210 210 211 209 210 211 210 208 204 201 202 203 204 204 205 204 197 199 199 199 199 199 198 200 201 208 207 207 209 206 201 197 191 184 169 229 253 247 248 248 248 248 248 248 248 248 248 248 248 248 248 248 248 248 248 248 248 248 248 248
248 248 248 248 248 248 248 248 248 248 248 248 248 248 248 247 253 227 182 192 197 196 195 196 195 195 199 200 196 199 200 199 201 200 195 191 186 185 187 183 174 160 150 185 177 204 168 157 166 161 160 164 170 175 177 178 179 184 189 187 181 182 192 204 206 206 210 213 213 212 210 210 211 212 210 209 209 206 205 203 203 203 202 204 199 196 198 199 199 199 199 200 200 201 203 203 204 208 205 200 194 189 173 175 241 250 247 248 248 248 248 248 248 248 248 248 248 248 248 248 248 248 248 248 248 248 248 248
248 248 248 248 248 248 248 248 248 248 248 248 248 248 247 253 230 185 196 196 196 197 197 198 197 194 198 197 197 198 201 202 204 202 199 196 193 191 188 185 184 178 171 187 188 183 186 189 182 173 151 141 143 149 161 173 174 177 185 192 183 181 183 191 194 195 200 207 208 209 209 211 209 209 211 210 210 212 209 207 205 204 202 202 204 196 198 198 199 199 198 199 201 201 199 200 199 205 209 204 199 192 183 167 188 251 248 248 248 248 248 248 248 248 248 248 248 248 248 248 248 248 248 248 248 248 248 248
248 248 248 248 248 248 248 248 248 248 248 248 248 247 252 235 186 196 198 197 196 197 200 200 200 195 198 199 199 198 200 202 201 202 204 201 200 204 205 203 200 199 200 198 198 203 200 198 202 201 188 177 178 164 148 141 163 178 182 187 188 186 186 191 193 195 198 204 206 207 208 210 213 212 210 209 212 214 214 213 209 208 204 200 205 199 196 199 199 199 200 199 200 200 200 200 199 201 205 206 203 199 193 184 168 213 254 246 248 248 248 248 248 248 248 248 248 248 248 248 248 248 248 248 248 248 248 248
248 248 248 248 248 248 248 248 248 248 248 248 247 250 241 190 196 200 197 196 196 199 205 204 200 194 194 198 199 198 198 198 200 202 203 203 203 206 207 208 209 208 206 202 203 202 203 204 206 207 205 203 212 210 194 157 142 177 183 181 184 186 189 193 194 196 199 202 206 207 205 207 211 212 211 210 211 210 206 208 210 209 205 202 201 203 197 197 198 199 200 200 199 200 200 199 201 200 205 206 205 204 199 193 183 174 231 252 247 248 248 248 248 248 248 248 248 248 248 248 248 248 248 248 248 248 248 248
248 248 248 248 248 248 248 248 248 248 248 248 249 248 196 195 203 200 199 197 198 203 207 205 196 189 192 195 197 197 199 199 199 202 201 201 204 203 208 209 209 208 205 207 208 205 207 206 204 207 210 211 211 212 207 199 169 157 176 177 178 183 186 193 195 196 200 201 203 205 205 209 210 208 209 210 212 202 197 198 202 205 207 208 203 200 202 196 197 198 199 199 200 200 199 199 198 203 203 205 207 206 204 201 192 179 182 243 250 247 248 248 248 248 248 248 248 248 248 248 248 248 248 248 248 248 248 248
248 248 248 248 248 248 248 248 248 248 248 247 252 208 193 206 202 201 198 195 200 205 207 203 194 191 195 193 195 195 198 197 196 200 196 196 200 199 204 205 207 206 202 204 205 204 205 203 203 205 210 211 213 203 201 203 201 175 155 168 179 183 185 192 196 197 199 199 200 203 203 201 205 205 204 204 208 204 198 199 198 197 199 200 205 203 205 203 197 197 197 198 200 200 200 199 197 201 204 206 208 207 205 204 198 193 177 197 251 248 248 248 248 248 248 248 248 248 248 248 248 248 248 248 248 248 248 248
248 248 248 248 248 248 248 248 248 248 247 253 217 193 208 203 201 199 196 200 203 204 203 200 196 195 195 191 193 194 197 197 198 199 197 196 195 198 199 203 205 200 202 203 200 202 202 199 198 200 204 206 207 199 199 197 203 194 173 158 173 185 186 189 194 197 195 199 202 202 199 200 203 203 199 199 202 204 199 198 198 199 199 199 198 203 205 206 201 197 197 199 198 199 198 199 198 199 204 204 203 206 206 204 202 196 190 177 213 253 247 248 248 248 248 248 248 248 248 248 248 248 248 248 248 248 248 248
248 248 248 248 248 248 248 248 248 247 252 229 189 206 207 201 201 200 200 202 205 205 201 200 194 194 195 195 192 192 196 197 198 195 197 198 197 200 197 199 202 200 203 203 201 201 198 195 200 198 198 201 203 201 197 198 197 191 181 165 149 165 180 183 187 193 194 201 201 203 203 202 201 200 198 197 199 200 201 200 198 196 197 198 197 198 205 209 205 197 197 198 197 197 198 199 198 196 201 207 208 206 204 204 204 196 192 186 178 231 252 247 248 248 248 248 248 248 248 248 248 248 248 248 248 248 248 248
248 248 248 248 248 248 248 248 247 251 239 189 196 206 203 202 204 201 203 206 207 203 199 198 195 188 190 192 188 190 192 195 193 192 194 198 200 199 198 194 197 200 197 197 194 192 194 195 198 198 195 195 196 200 201 196 187 182 176 168 151 139 150 169 180 188 189 193 197 204 204 200 200 201 199 196 196 195 194 197 200 200 199 197 197 196 197 202 204 197 197 198 197 198 198 198 198 199 197 199 202 208 208 206 204 199 195 192 178 183 246 249 248 248 248 248 248 248 248 248 248 248 248 248 248 248 248 248
248 248 248 248 248 248 248 247 249 246 195 189 200 203 202 202 201 200 202 204 206 203 201 198 194 187 187 182 181 184 189 189 188 192 189 189 194 197 195 193 190 194 194 191 187 188 188 190 190 195 195 196 194 192 192 187 177 166 164 159 150 142 129 135 158 176 182 186 193 198 197 197 202 202 199 196 193 190 189 189 190 194 196 200 198 199 197 197 197 198 197 196 197 198 198 198 198 199 198 197 198 200 205 206 202 200 200 194 183 170 201 253 247 248 248 248 248 248 248 248 248 248 248 248 248 248 248 248
248 248 248 248 248 248 247 249 249 203 184 194 192 201 205 202 199 200 199 201 203 203 202 198 192 185 182 184 182 182 185 185 184 186 186 186 189 192 189 184 187 189 189 186 180 184 181 181 187 187 192 192 193 189 185 180 168 160 152 146 142 139 133 126 128 145 166 177 183 189 190 192 196 197 197 198 194 191 189 184 185 189 192 197 196 196 201 198 197 197 198 198 197 198 199 197 197 198 199 199 199 198 198 201 204 203 201 194 182 176 166 227 252 247 248 248 248 248 248 248 248 248 248 248 248 248 248 248
248 248 248 248 248 247 249 251 209 187 192 191 192 198 202 199 199 196 197 199 198 197 196 195 190 185 186 188 185 181 180 183 181 184 184 184 186 185 184 181 181 180 179 174 175 174 175 178 182 180 177 179 182 178 175 169 161 153 150 145 138 131 128 126 125 121 130 155 168 179 184 187 191 193 194 194 196 193 187 182 179 182 188 194 198 196 198 201 196 197 198 196 198 198 197 197 197 197 198 199 199 199 200 198 202 200 200 199 187 176 169 185 249 248 248 248 248 248 248 248 248 248 248 248 248 248 248 248
248 248 248 248 247 250 249 207 188 196 192 190 192 196 198 196 198 197 196 196 197 196 196 196 193 188 188 183 177 178 177 176 181 181 179 183 184 180 180 179 174 173 173 171 170 170 173 175 175 175 169 167 165 160 152 152 148 141 136 134 126 124 123 120 118 117 114 118 139 160 172 180 188 190 191 195 192 188 185 182 179 178 179 187 195 199 200 202 200 196 197 196 197 196 196 197 197 197 196 196 199 198 199 199 201 200 200 201 194 179 177 163 223 253 247 248 248 248 248 248 248 248 248 248 248 248 248 248
248 248 248 247 251 243 208 195 194 194 191 187 191 193 195 195 196 197 195 196 199 197 199 196 192 188 187 185 174 177 183 179 175 176 178 182 182 179 177 171 170 169 169 167 163 165 167 166 164 166 162 159 155 150 146 144 141 133 131 128 119 115 119 121 119 112 109 104 102 117 149 172 177 182 185 191 188 186 187 185 182 177 176 179 188 198 203 203 205 199 196 197 197 196 196 196 196 197 196 196 197 197 198 197 198 200 201 201 198 184 173 165 189 253 247 248 248 248 248 248 248 248 248 248 248 248 248 248
248 248 247 252 238 200 198 203 197 190 190 187 186 190 194 196 196 195 197 196 198 196 194 197 192 187 190 189 185 185 181 182 176 173 175 179 176 171 173 169 166 166 165 161 162 159 159 158 152 148 148 146 145 143 140 138 140 132 127 133 126 119 115 113 112 104 96 97 96 90 97 130 152 163 176 180 185 184 189 188 185 180 173 172 184 193 199 202 204 203 196 196 196 196 196 196 196 196 197 197 197 198 197 197 197 201 202 202 198 191 174 170 166 237 251 247 248 248 248 248 248 248 248 248 248 248 248 248
248 248 252 229 198 201 206 200 196 193 189 188 186 186 188 190 191 196 198 197 198 197 193 189 189 185 185 185 183 184 184 176 174 174 174 172 169 167 168 169 165 165 164 158 159 156 153 148 141 139 136 136 136 134 133 128 132 139 130 131 128 114 107 100 96 86 81 80 77 83 69 98 212 169 148 161 173 178 182 183 183 182 176 169 176 185 193 199 204 205 196 197 195 193 196 196 196 196 197 197 196 196 198 198 196 200 198 199 198 196 175 171 158 208 255 247 248 248 248 248 248 248 248 248 248 248 248 248
249 251 223 194 202 202 202 199 194 192 191 186 186 189 189 189 192 195 197 198 198 197 197 193 189 186 179 182 182 178 180 175 171 175 176 173 169 165 164 163 160 160 157 152 147 144 141 138 132 131 130 134 133 132 128 128 131 133 127 110 107 99 94 85 75 66 64 66 74 80 64 164 255 245 205 164 144 155 171 173 176 181 177 169 169 177 185 194 201 206 197 196 195 195 196 195 196 196 196 196 198 197 198 197 197 196 196 198 195 191 176 169 163 175 249 248 248 248 248 248 248 248 248 248 248 248 248 248
247 217 195 205 206 204 201 197 196 190 188 185 184 186 188 191 197 198 197 198 198 196 195 193 190 186 187 186 185 181 179 174 167 169 171 168 168 165 160 156 153 150 149 149 142 138 135 138 137 138 137 142 140 141 137 134 126 116 103 98 87 80 71 73 76 74 76 76 83 70 115 246 248 248 255 249 217 167 144 148 165 169 170 170 167 169 177 185 190 200 202 196 196 194 195 195 195 196 196 196 197 197 196 195 193 194 190 194 193 187 177 170 168 156 229 252 247 248 248 248 248 248 248 248 248 248 248 248
210 203 207 206 208 204 198 198 193 186 185 187 182 185 187 189 193 197 197 198 198 194 195 191 187 184 186 187 183 181 177 174 168 166 165 161 158 155 153 150 149 148 150 149 145 143 141 144 152 153 154 158 159 147 137 123 108 100 99 97 92 83 94 102 89 85 80 79 76 98 233 253 247 248 246 248 254 249 220 183 149 157 171 168 166 166 173 180 184 191 199 201 195 189 194 196 195 196 196 196 197 196 194 189 191 191 191 194 193 188 180 173 170 154 201 255 246 248 248 248 248 248 248 248 248 248 248 248
209 211 208 206 206 203 199 197 192 185 184 184 185 184 187 187 192 196 195 198 195 191 192 191 188 184 184 183 179 180 179 175 171 168 163 160 156 151 149 150 147 147 147 148 148 153 154 153 163 165 159 156 150 136 123 112 110 112 110 105 103 110 113 94 88 82 76 77 86 217 255 245 248 248 248 248 247 248 253 255 227 165 169 172 164 165 169 176 183 190 195 201 197 193 194 195 197 197 196 196 197 197 192 189 192 191 192 196 194 192 184 176 171 157 169 250 248 248 248 248 248 248 248 248 248 248 248 248
212 208 208 206 202 199 195 195 195 187 183 183 188 187 187 190 193 195 196 195 192 191 187 184 182 183 179 179 177 177 177 175 171 165 163 158 154 151 149 149 145 145 148 151 154 158 162 163 163 161 154 148 140 131 130 127 126 124 122 122 119 112 100 94 87 73 78 76 191 255 245 248 248 248 248 248 248 248 247 246 254 236 174 159 163 157 163 169 175 186 195 197 193 197 199 196 197 197 196 195 193 192 189 189 192 192 191 193 194 190 184 182 173 163 151 231 252 247 248 248 248 248 248 248 248 248 248 248
210 204 207 201 202 199 199 199 191 188 186 186 186 194 192 191 193 191 192 191 187 187 186 182 183 180 174 179 176 173 173 171 168 161 159 156 152 150 151 149 148 150 156 160 163 160 159 157 158 154 152 146 141 136 134 131 131 129 128 122 115 108 103 92 75 74 70 140 255 245 248 248 248 248 248 248 248 248 248 248 246 251 245 201 172 163 155 161 167 174 189 195 191 191 202 200 197 196 197 193 189 188 189 189 194 195 191 191 191 191 189 185 182 172 148 205 255 246 248 248 248 248 248 248 248 248 248 248
207 204 207 200 200 199 197 195 190 189 190 188 189 193 194 186 184 182 179 179 181 180 181 178 176 177 173 173 174 171 170 167 165 162 158 152 146 146 148 149 154 156 161 162 159 152 154 151 151 147 147 146 144 142 139 138 137 132 127 125 122 116 106 84 74 75 91 230 252 247 248 248 248 248 248 248 248 248 248 248 248 247 249 255 235 183 151 151 158 164 179 189 190 188 202 202 197 197 197 192 189 189 189 189 189 191 192 192 191 192 189 186 185 176 154 175 253 247 248 248 248 248 248 248 248 248 248 248
207 203 206 202 200 197 190 193 193 187 185 187 187 185 189 190 179 176 173 172 172 168 170 171 169 168 166 163 164 164 160 159 159 156 151 147 146 146 146 150 158 157 159 159 153 150 149 149 146 143 143 142 145 143 142 142 141 140 140 137 128 113 100 81 75 74 196 255 246 248 248 248 248 248 248 248 248 248 248 248 248 248 248 246 251 247 210 159 144 156 169 182 182 182 198 203 197 194 190 190 189 188 189 189 184 187 193 193 192 190 191 189 184 180 168 153 236 251 247 248 248 248 248 248 248 248 248 248
207 204 203 207 199 193 193 194 192 188 188 187 188 186 185 183 181 175 170 165 164 165 163 161 164 163 160 158 156 158 154 152 152 150 146 144 147 147 148 153 153 153 149 149 146 142 141 143 140 138 138 138 142 139 140 144 147 149 150 138 119 109 90 78 69 175 255 246 248 248 248 248 248 248 248 248 248 248 248 248 248 248 248 248 247 248 255 231 170 139 160 173 174 176 188 197 198 193 191 185 179 183 187 186 185 189 192 191 192 191 193 192 190 187 175 147 210 255 247 248 248 248 248 248 248 248 248 248
206 204 202 202 201 194 198 196 192 191 187 191 188 182 178 175 172 168 166 160 158 161 159 155 154 155 153 154 155 156 152 148 149 147 144 146 152 156 156 156 149 143 137 135 133 133 132 132 131 130 132 133 135 136 136 140 147 150 147 131 110 99 83 64 157 255 246 248 248 248 248 248 248 248 248 248 248 248 248 248 248 248 248 248 248 248 246 251 254 197 141 168 169 171 182 187 190 188 187 183 182 185 186 188 186 190 193 191 191 192 196 193 193 190 182 152 182 254 247 248 248 248 248 248 248 248 248 248
202 203 204 200 202 195 193 196 193 191 189 188 183 177 169 166 163 161 159 158 153 153 151 148 147 145 144 146 148 147 145 144 144 145 148 152 154 156 153 147 142 135 129 127 126 127 126 122 122 123 124 124 125 127 128 129 133 136 127 117 104 94 69 119 254 247 247 248 248 248 248 248 248 248 248 248 248 248 248 248 248 248 248 248 248 248 248 247 248 255 170 150 166 167 178 179 181 184 183 185 189 188 189 194 188 189 193 190 191 192 193 196 195 192 187 165 163 245 249 248 248 248 248 248 248 248 248 248
200 199 201 202 200 195 192 195 191 188 187 186 179 170 165 164 159 157 153 147 146 143 139 141 144 142 139 139 141 140 141 144 149 150 150 153 152 147 141 137 129 124 122 119 118 116 114 117 124 124 123 121 122 124 125 126 125 121 117 111 97 80 62 202 255 245 248 248 248 248 248 248 248 248 248 248 248 248 248 248 248 248 248 248 248 248 248 248 247 251 235 149 160 167 170 175 180 184 184 186 192 193 191 192 193 193 194 193 198 196 192 196 196 196 189 176 152 229 252 247 248 248 248 248 248 248 248 248
201 200 203 203 199 200 195 192 189 186 183 182 174 166 164 161 158 154 153 147 145 142 135 138 139 138 136 137 138 141 143 141 142 139 138 142 140 133 127 120 118 115 114 113 118 122 127 132 136 141 140 137 135 132 131 129 127 124 115 103 86 62 99 247 248 248 248 248 248 248 248 248 248 248 248 248 248 248 248 248 248 248 248 248 248 248 248 248 248 246 255 195 146 170 166 170 180 185 183 189 190 196 194 192 197 195 194 196 199 197 193 195 195 195 192 183 151 202 255 246 248 248 248 248 248 248 248 248
201 201 202 202 196 195 193 186 186 180 178 179 172 163 162 157 156 156 152 148 147 146 142 143 142 143 144 145 145 145 143 141 136 127 124 118 118 115 112 114 117 120 124 133 138 143 146 145 141 137 131 127 120 113 113 113 111 106 96 82 74 60 171 255 245 248 248 248 248 248 248 248 248 248 248 248 248 248 248 248 248 248 248 248 248 248 248 248 248 247 250 239 151 164 170 169 176 182 186 190 196 199 198 197 199 197 191 196 198 199 193 197 196 197 194 184 157 172 252 247 248 248 248 248 248 248 248 248
198 201 199 196 194 191 188 179 181 179 176 174 167 161 157 155 154 153 149 147 144 145 150 150 149 148 145 140 138 135 129 126 120 116 115 115 118 119 122 127 130 138 141 138 131 131 127 119 112 108 103 99 98 95 95 91 88 87 84 82 76 103 242 250 247 248 248 248 248 248 248 248 248 248 248 248 248 248 248 248 248 248 248 248 248 248 248 248 248 248 246 255 179 151 174 172 175 182 187 194 202 202 202 203 201 201 195 198 199 197 196 198 197 198 198 190 169 153 236 251 247 248 248 248 248 248 248 248
196 199 200 198 191 188 186 179 176 174 170 164 157 150 147 144 141 144 143 141 144 144 144 147 146 139 130 125 122 124 119 122 127 133 138 141 144 142 140 136 132 128 122 113 104 102 101 101 100 100 99 100 107 109 109 109 109 110 108 108 85 194 255 246 248 248 248 248 248 248 248 248 248 248 248 248 248 248 248 248 248 248 248 248 248 248 248 248 248 248 247 255 214 142 171 174 178 186 188 196 201 206 204 199 203 204 198 198 200 197 198 199 199 197 198 192 178 148 212 255 247 248 248 248 248 248 248 248
200 195 200 194 192 186 183 180 173 164 159 156 151 143 136 136 135 139 140 143 140 138 136 135 130 125 124 128 128 131 138 145 149 150 148 142 137 130 124 120 113 107 103 102 103 105 106 109 109 110 110 115 120 122 122 124 128 127 122 93 137 253 247 248 248 248 248 248 248 248 248 248 248 248 248 248 248 248 248 248 248 248 248 248 248 248 248 248 248 248 247 250 239 148 164 179 179 184 189 196 201 205 204 198 202 203 200 199 202 200 200 198 199 199 197 196 184 155 183 253 247 248 248 248 248 248 248 248
197 197 195 191 189 181 175 169 164 158 154 149 141 136 130 129 135 141 141 143 140 131 127 127 131 131 137 144 145 140 139 137 132 123 119 117 114 111 112 110 106 103 101 102 106 111 117 118 120 122 118 118 115 115 114 110 109 105 92 121 235 251 247 248 248 248 248 248 248 248 248 248 248 248 248 248 248 248 248 248 248 248 248 248 248 248 248 248 248 248 248 247 253 167 152 177 178 183 189 197 203 204 205 203 204 204 202 202 202 200 199 200 202 199 197 195 187 167 162 241 250 248 248 248 248 248 248 248
195 195 190 184 178 172 166 159 155 154 148 142 133 128 127 132 138 140 140 137 132 128 128 136 138 135 134 133 128 117 108 106 105 103 103 106 106 106 107 103 100 101 103 106 111 117 114 98 85 86 93 110 133 139 134 146 149 151 182 242 252 247 248 248 248 248 248 248 248 248 248 248 248 248 248 248 248 248 248 248 248 248 248 248 248 248 248 248 248 248 248 246 255 194 144 173 176 181 189 195 195 203 203 204 208 204 202 201 201 203 202 205 203 200 198 194 186 176 155 209 254 247 248 248 248 248 248 248
192 192 183 175 171 163 159 152 150 147 141 135 129 126 130 134 138 136 135 135 133 131 127 129 123 114 108 106 103 103 103 106 109 107 106 105 105 102 100 99 99 98 99 98 92 81 83 104 144 182 210 235 250 252 251 255 255 255 255 249 247 248 248 248 248 248 248 248 248 248 248 248 248 248 248 248 248 248 248 248 248 248 248 248 248 248 248 248 248 248 248 247 254 218 140 166 174 177 187 197 200 205 203 203 206 206 203 201 202 204 204 203 201 199 199 193 184 178 163 172 249 248 248 248 248 248 248 248
186 181 172 166 164 157 150 145 144 138 133 128 125 127 128 130 135 137 134 128 125 121 114 108 105 102 107 112 114 115 113 111 109 106 104 101 95 95 95 95 94 90 80 76 99 159 212 243 255 255 255 251 248 247 247 246 246 246 246 247 248 248 248 248 248 248 248 248 248 248 248 248 248 248 248 248 248 248 248 248 248 248 248 248 248 248 248 248 248 248 248 247 251 238 144 157 170 176 186 195 202 206 203 203 205 205 204 204 202 204 203 201 201 202 199 195 185 179 172 157 231 252 247 248 248 248 248 248
175 170 163 159 154 151 143 136 137 134 127 124 123 123 124 123 124 122 117 112 106 101 100 99 103 104 103 104 105 104 99 96 97 95 96 96 95 93 86 79 76 88 124 185 238 255 254 250 246 246 246 247 248 248 248 248 248 248 248 248 248 248 248 248 248 248 248 248 248 248 248 248 248 248 248 248 248 248 248 248 248 248 248 248 248 248 248 248 248 248 248 248 247 252 162 146 168 177 184 192 198 201 202 206 206 205 206 205 203 206 203 199 201 201 196 192 183 179 179 154 199 255 246 248 248 248 248 248
163 156 152 154 147 146 141 136 132 131 124 120 121 120 121 117 112 107 101 98 95 94 95 94 94 94 96 97 94 93 90 89 90 87 83 78 76 83 107 148 187 222 252 255 251 246 246 248 248 248 248 248 248 248 248 248 248 248 248 248 248 248 248 248 248 248 248 248 248 248 248 248 248 248 248 248 248 248 248 248 248 248 248 248 248 248 248 248 248 248 248 248 246 255 189 138 167 173 181 191 195 197 199 203 207 207 206 207 206 204 204 201 200 198 196 191 181 177 179 159 168 249 248 248 248 248 248 248
156 149 149 149 144 140 138 132 129 128 124 120 119 115 112 107 104 100 98 99 98 100 101 102 103 100 96 92 86 81 81 80 84 97 117 141 170 210 244 255 255 253 247 246 247 248 248 248 248 248 248 248 248 248 248 248 248 248 248 248 248 248 248 248 248 248 248 248 248 248 248 248 248 248 248 248 248 248 248 248 248 248 248 248 248 248 248 248 248 248 248 248 247 254 216 135 163 172 179 188 194 199 200 202 207 208 207 205 204 204 205 204 198 197 194 189 182 177 176 164 147 228 252 247 248 248 248 248
157 150 149 149 145 140 135 132 128 125 121 116 114 108 104 101 100 102 103 105 105 107 101 88 88 100 119 139 156 169 179 189 207 233 249 255 255 255 250 246 246 247 248 248 248 248 248 248 248 248 248 248 248 248 248 248 248 248 248 248 248 248 248 248 248 248 248 248 248 248 248 248 248 248 248 248 248 248 248 248 248 248 248 248 248 248 248 248 248 248 248 248 247 251 236 140 155 171 175 184 192 199 200 202 205 209 205 202 203 203 208 203 198 196 195 187 179 177 173 168 142 202 255 246 248 248 248 248
154 151 149 148 142 142 135 130 124 120 115 106 105 107 105 102 102 102 103 103 101 88 97 147 196 227 246 254 255 255 255 255 255 252 248 246 245 246 248 248 248 248 248 248 248 248 248 248 248 248 248 248 248 248 248 248 248 248 248 248 248 248 248 248 248 248 248 248 248 248 248 248 248 248 248 248 248 248 248 248 248 248 248 248 248 248 248 248 248 248 248 248 248 248 250 157 144 168 174 180 189 198 200 203 205 208 206 201 200 204 203 203 203 198 194 190 182 174 173 170 147 171 252 247 248 248 248 248
152 149 149 146 143 140 134 127 123 117 110 104 107 109 108 106 100 96 98 93 89 161 229 255 255 253 249 247 246 246 246 246 246 247 248 248 248 248 248 248 248 248 248 248 248 248 248 248 248 248 248 248 248 248 248 248 248 248 248 248 248 248 248 248 248 248 248 248 248 248 248 248 248 248 248 248 248 248 248 248 248 248 248 248 248 248 248 248 248 248 248 248 248 246 255 180 137 165 172 176 183 192 198 202 203 206 208 203 200 204 203 201 200 196 193 191 182 177 175 171 153 149 240 250 247 248 248 248
150 148 148 148 143 139 134 128 119 113 109 109 112 115 111 106 102 97 91 84 184 255 252 246 246 247 248 248 248 248 248 248 248 248 248 248 248 248 248 248 248 248 248 248 248 248 248 248 248 248 248 248 248 248 248 248 248 248 248 248 248 248 248 248 248 248 248 248 248 248 248 248 248 248 248 248 248 248 248 248 248 248 248 248 248 248 248 248 248 248 248 248 248 246 255 208 132 159 168 174 180 187 195 199 205 205 205 205 203 202 201 200 198 195 190 186 182 179 172 170 159 139 208 255 247 248 248 248
150 151 147 146 143 140 133 128 120 115 112 112 116 115 112 107 105 89 87 193 255 245 247 248 248 248 248 248 248 248 248 248 248 248 248 248 248 248 248 248 248 248 248 248 248 248 248 248 248 248 248 248 248 248 248 248 248 248 248 248 248 248 248 248 248 248 248 248 248 248 248 248 248 248 248 248 248 248 248 248 248 248 248 248 248 248 248 248 248 248 248 248 248 247 251 235 138 150 164 170 176 183 188 196 202 203 204 201 204 203 198 199 197 195 189 185 184 178 171 170 161 143 168 252 247 248 248 248
147 147 149 144 139 135 131 126 117 111 110 113 116 115 112 111 89 101 212 255 246 248 248 248 248 248 248 248 248 248 248 248 248 248 248 248 248 248 248 248 248 248 248 248 248 248 248 248 248 248 248 248 248 248 248 248 248 248 248 248 248 248 248 248 248 248 248 248 248 248 248 248 248 248 248 248 248 248 248 248 248 248 248 248 248 248 248 248 248 248 248 248 248 248 247 252 159 137 159 168 173 181 187 194 198 202 203 202 203 202 195 196 198 195 192 184 181 176 171 168 164 153 148 238 251 247 248 248
144 148 146 141 136 129 125 119 112 108 107 108 114 112 108 87 116 228 255 245 248 248 248 248 248 248 248 248 248 248 248 248 248 248 248 248 248 248 248 248 248 248 248 248 248 248 248 248 248 248 248 248 248 248 248 248 248 248 248 248 248 248 248 248 248 248 248 248 248 248 248 248 248 248 248 248 248 248 248 248 248 248 248 248 248 248 248 248 248 248 248 248 248 248 246 255 188 128 155 163 170 177 186 191 196 201 202 201 201 197 193 198 197 194 191 185 181 172 167 166 165 161 141 206 255 246 248 248
144 147 141 135 131 122 116 110 105 102 105 113 114 108 84 137 244 253 245 248 248 248 248 248 248 248 248 248 248 248 248 248 248 248 248 248 248 248 248 248 248 248 248 248 248 248 248 248 248 248 248 248 248 248 248 248 248 248 248 248 248 248 248 248 248 248 248 248 248 248 248 248 248 248 248 248 248 248 248 248 248 248 248 248 248 248 248 248 248 248 248 248 248 248 247 254 222 128 148 159 170 177 182 191 197 201 198 201 198 198 198 197 194 192 189 185 185 177 170 166 166 162 147 173 253 247 248 248
139 140 132 126 119 112 109 104 102 103 108 110 109 86 136 251 250 246 248 248 248 248 248 248 248 248 248 248 248 248 248 248 248 248 248 248 248 248 248 248 248 248 248 248 248 248 248 248 248 248 248 248 248 248 248 248 248 248 248 248 248 248 248 248 248 248 248 248 248 248 248 248 248 248 248 248 248 248 248 248 248 248 248 248 248 248 248 248 248 248 248 248 248 248 248 249 246 147 139 158 167 175 180 188 196 201 200 200 200 199 199 197 194 189 186 184 183 174 171 169 164 163 158 150 237 251 247 248
140 136 129 119 112 106 103 101 100 104 106 107 89 133 247 250 246 248 248 248 248 248 248 248 248 248 248 248 248 248 248 248 248 248 248 248 248 248 248 248 248 248 248 248 248 248 248 248 248 248 248 248 248 248 248 248 248 248 248 248 248 248 248 248 248 248 248 248 248 248 248 248 248 248 248 248 248 248 248 248 248 248 248 248 248 248 248 248 248 248 248 248 248 248 248 246 255 176 129 156 159 168 176 184 191 196 200 202 200 200 197 195 194 190 188 183 180 176 171 167 169 170 165 143 202 255 246 248
136 132 124 113 105 102 100 99 98 99 103 92 117 242 251 246 248 248 248 248 248 248 248 248 248 248 248 248 248 248 248 248 248 248 248 248 248 248 248 248 248 248 248 248 248 248 248 248 248 248 248 248 248 248 248 248 248 248 248 248 248 248 248 248 248 248 248 248 248 248 248 248 248 248 248 248 248 248 248 248 248 248 248 248 248 248 248 248 248 248 248 248 248 248 248 246 255 210 127 154 144 154 176 180 187 194 199 197 196 193 192 194 192 190 190 182 180 177 173 167 172 173 167 151 166 250 248 248
130 125 115 108 103 100 97 96 97 100 93 100 222 254 246 248 248 248 248 248 248 248 248 248 248 248 248 248 248 248 248 248 248 248 248 248 248 248 248 248 248 248 248 248 248 248 248 248 248 248 248 248 248 248 248 248 248 248 248 248 248 248 248 248 248 248 248 248 248 248 248 248 248 248 248 248 248 248 248 248 248 248 248 248 248 248 248 248 248 248 248 248 248 248 248 247 250 239 140 144 156 165 171 176 184 190 194 197 197 194 193 192 192 190 187 184 184 180 171 168 171 172 170 158 147 233 251 247
126 121 109 102 98 98 95 94 100 97 101 209 255 246 248 248 248 248 248 248 248 248 248 248 248 248 248 248 248 248 248 248 248 248 248 248 248 248 248 248 248 248 248 248 248 248 248 248 248 248 248 248 248 248 248 248 248 248 248 248 248 248 248 248 248 248 248 248 248 248 248 248 248 248 248 248 248 248 248 248 248 248 248 248 248 248 248 248 248 248 248 248 248 248 248 248 247 255 168 132 154 160 167 174 183 189 196 197 196 197 197 195 194 190 187 184 182 179 174 172 172 172 173 162 141 200 255 246
122 117 109 102 100 95 95 99 98 98 211 255 245 248 248 248 248 248 248 248 248 248 248 248 248 248 248 248 248 248 248 248 248 248 248 248 248 248 248 248 248 248 248 248 248 248 248 248 248 248 248 248 248 248 248 248 248 248 248 248 248 248 248 248 248 248 248 248 248 248 248 248 248 248 248 248 248 248 248 248 248 248 248 248 248 248 248 248 248 248 248 248 248 248 248 248 246 255 199 127 150 157 169 175 182 189 193 195 194 196 196 191 191 189 188 184 180 179 178 175 176 175 174 166 148 161 248 248
119 111 102 97 96 93 99 99 97 205 255 245 248 248 248 248 248 248 248 248 248 248 248 248 248 248 248 248 248 248 248 248 248 248 248 248 248 248 248 248 248 248 248 248 248 248 248 248 248 248 248 248 248 248 248 248 248 248 248 248 248 248 248 248 248 248 248 248 248 248 248 248 248 248 248 248 248 248 248 248 248 248 248 248 248 248 248 248 248 248 248 248 248 248 248 248 247 252 229 132 145 158 165 173 179 185 190 194 195 195 194 193 189 187 191 187 182 177 175 175 176 176 173 168 158 141 227 253
113 102 99 97 93 94 95 89 199 255 245 248 248 248 248 248 248 248 248 248 248 248 248 248 248 248 248 248 248 248 248 248 248 248 248 248 248 248 248 248 248 248 248 248 248 248 248 248 248 248 248 248 248 248 248 248 248 248 248 248 248 248 248 248 248 248 248 248 248 248 248 248 248 248 248 248 248 248 248 248 248 248 248 248 248 248 248 248 248 248 248 248 248 248 248 248 248 248 251 154 137 156 159 169 175 182 188 191 197 197 194 192 189 191 189 185 184 179 175 178 178 175 174 170 161 136 199 255
106 99 95 93 95 96 82 184 255 245 248 248 248 248 248 248 248 248 248 248 248 248 248 248 248 248 248 248 248 248 248 248 248 248 248 248 248 248 248 248 248 248 248 248 248 248 248 248 248 248 248 248 248 248 248 248 248 248 248 248 248 248 248 248 248 248 248 248 248 248 248 248 248 248 248 248 248 248 248 248 248 248 248 248 248 248 248 248 248 248 248 248 248 248 248 248 248 246 255 186 130 153 157 167 174 180 187 190 196 195 192 193 192 192 189 185 183 181 180 181 179 175 176 171 162 142 168 251
102 98 96 94 93 83 170 255 246 248 248 248 248 248 248 248 248 248 248 248 248 248 248 248 248 248 248 248 248 248 248 248 248 248 248 248 248 248 248 248 248 248 248 248 248 248 248 248 248 248 248 248 248 248 248 248 248 248 248 248 248 248 248 248 248 248 248 248 248 248 248 248 248 248 248 248 248 248 248 248 248 248 248 248 248 248 248 248 248 248 248 248 248 248 248 248 248 247 254 219 130 147 153 162 171 177 186 189 191 195 193 193 191 192 189 183 184 181 182 180 178 176 176 171 161 151 146 228
97 94 95 94 78 169 255 246 248 248 248 248 248 248 248 248 248 248 248 248 248 248 248 248 248 248 248 248 248 248 248 248 248 248 248 248 248 248 248 248 248 248 248 248 248 248 248 248 248 248 248 248 248 248 248 248 248 248 248 248 248 248 248 248 248 248 248 248 248 248 248 248 248 248 248 248 248 248 248 248 248 248 248 248 248 248 248 248 248 248 248 248 248 248 248 248 248 248 249 244 142 137 152 160 166 174 183 186 190 193 195 194 192 192 189 186 183 182 182 180 181 178 172 169 163 158 141 183
94 91 93 78 140 254 247 247 248 248 248 248 248 248 248 248 248 248 248 248 248 248 248 248 248 248 248 248 248 248 248 248 248 248 248 248 248 248 248 248 248 248 248 248 248 248 248 248 248 248 248 248 248 248 248 248 248 248 248 248 248 248 248 248 248 248 248 248 248 248 248 248 248 248 248 248 248 248 248 248 248 248 248 248 248 248 248 248 248 248 248 248 248 248 248 248 248 248 247 254 165 130 152 157 163 170 181 187 188 190 195 195 192 192 187 185 184 185 182 182 183 181 174 169 164 160 151 147
94 94 78 120 249 249 247 248 248 248 248 248 248 248 248 248 248 248 248 248 248 248 248 248 248 248 248 248 248 248 248 248 248 248 248 248 248 248 248 248 248 248 248 248 248 248 248 248 248 248 248 248 248 248 248 248 248 248 248 248 248 248 248 248 248 248 248 248 248 248 248 248 248 248 248 248 248 248 248 248 248 248 248 248 248 248 248 248 248 248 248 248 248 248 248 248 248 248 246 255 194 125 147 156 162 169 177 182 188 189 190 192 192 189 186 185 185 184 184 180 182 182 176 170 167 162 154 146
92 86 95 219 255 246 248 248 248 248 248 248 248 248 248 248 248 248 248 248 248 248 248 248 248 248 248 248 248 248 248 248 248 248 248 248 248 248 248 248 248 248 248 248 248 248 248 248 248 248 248 248 248 248 248 248 248 248 248 248 248 248 248 248 248 248 248 248 248 248 248 248 248 248 248 248 248 248 248 248 248 248 248 248 248 248 248 248 248 248 248 248 248 248 248 248 248 248 247 254 221 129 142 154 161 167 172 179 184 187 190 192 192 188 189 186 187 184 183 182 182 182 177 168 167 165 154 148
86 81 207 255 245 248 248 248 248 248 248 248 248 248 248 248 248 248 248 248 248 248 248 248 248 248 248 248 248 248 248 248 248 248 248 248 248 248 248 248 248 248 248 248 248 248 248 248 248 248 248 248 248 248 248 248 248 248 248 248 248 248 248 248 248 248 248 248 248 248 248 248 248 248 248 248 248 248 248 248 248 248 248 248 248 248 248 248 248 248 248 248 248 248 248 248 248 248 248 249 243 140 135 152 159 166 171 176 183 190 192 192 190 192 189 187 184 185 185 183 186 182 175 170 167 166 158 152
72 172 255 245 248 248 248 248 248 248 248 248 248 248 248 248 248 248 248 248 248 248 248 248 248 248 248 248 248 248 248 248 248 248 248 248 248 248 248 248 248 248 248 248 248 248 248 248 248 248 248 248 248 248 248 248 248 248 248 248 248 248 248 248 248 248 248 248 248 248 248 248 248 248 248 248 248 248 248 248 248 248 248 248 248 248 248 248 248 248 248 248 248 248 248 248 248 248 248 247 254 162 127 147 156 164 172 175 182 188 190 191 191 190 187 182 181 184 185 183 180 185 181 172 165 165 160 155
171 253 247 248 248 248 248 248 248 248 248 248 248 248 248 248 248 248 248 248 248 248 248 248 248 248 248 248 248 248 248 248 248 248 248 248 248 248 248 248 248 248 248 248 248 248 248 248 248 248 248 248 248 248 248 248 248 248 248 248 248 248 248 248 248 248 248 248 248 248 248 248 248 248 248 248 248 248 248 248 248 248 248 248 248 248 248 248 248 248 248 248 248 248 248 248 248 248 248 246 255 190 122 146 152 158 166 175 182 187 187 192 191 192 188 182 184 184 185 181 180 183 181 173 166 165 162 158
253 248 248 248 248 248 248 248 248 248 248 248 248 248 248 248 248 248 248 248 248 248 248 248 248 248 248 248 248 248 248 248 248 248 248 248 248 248 248 248 248 248 248 248 248 248 248 248 248 248 248 248 248 248 248 248 248 248 248 248 248 248 248 248 248 248 248 248 248 248 248 248 248 248 248 248 248 248 248 248 248 248 248 248 248 248 248 248 248 248 248 248 248 248 248 248 248 248 248 247 254 220 125 140 148 158 162 173 181 184 187 189 190 191 188 184 184 185 184 183 186 184 180 175 168 164 162 160
247 248 248 248 248 248 248 248 248 248 248 248 248 248 248 248 248 248 248 248 248 248 248 248 248 248 248 248 248 248 248 248 248 248 248 248 248 248 248 248 248 248 248 248 248 248 248 248 248 248 248 248 248 248 248 248 248 248 248 248 248 248 248 248 248 248 248 248 248 248 248 248 248 248 248 248 248 248 248 248 248 248 248 248 248 248 248 248 248 248 248 248 248 248 248 248 248 248 248 248 250 242 137 130 146 155 161 169 177 178 185 187 189 190 186 186 183 182 184 185 185 184 181 176 169 164 163 162
248 248 248 248 248 248 248 248 248 248 248 248 248 248 248 248 248 248 248 248 248 248 248 248 248 248 248 248 248 248 248 248 248 248 248 248 248 248 248 248 248 248 248 248 248 248 248 248 248 248 248 248 248 248 248 248 248 248 248 248 248 248 248 248 248 248 248 248 248 248 248 248 248 248 248 248 248 248 248 248 248 248 248 248 248 248 248 248 248 248 248 248 248 248 248 248 248 248 248 248 247 254 158 122 145 152 160 167 171 174 182 186 187 187 185 183 184 184 186 183 184 184 182 178 171 163 162 162
248 248 248 248 248 248 248 248 248 248 248 248 248 248 248 248 248 248 248 248 248 248 248 248 248 248 248 248 248 248 248 248 248 248 248 248 248 248 248 248 248 248 248 248 248 248 248 248 248 248 248 248 248 248 248 248 248 248 248 248 248 248 248 248 248 248 248 248 248 248 248 248 248 248 248 248 248 248 248 248 248 248 248 248 248 248 248 248 248 248 248 248 248 248 248 248 248 248 248 248 246 255 183 117 141 148 156 166 171 173 181 183 184 184 183 183 183 184 185 183 182 183 181 178 175 168 163 160
248 248 248 248 248 248 248 248 248 248 248 248 248 248 248 248 248 248 248 248 248 248 248 248 248 248 248 248 248 248 248 248 248 248 248 248 248 248 248 248 248 248 248 248 248 248 248 248 248 248 248 248 248 248 248 248 248 248 248 248 248 248 248 248 248 248 248 248 248 248 248 248 248 248 248 248 248 248 248 248 248 248 248 248 248 248 248 248 248 248 248 248 248 248 248 248 248 248 248 248 247 255 214 119 135 146 155 162 165 171 179 181 182 183 186 185 183 182 183 183 184 182 184 183 176 169 167 164
