P2
128 96
255
179 180 172 172 189 177 169 211 220 188 143 117 119 132 101 87 104 113 83 77 78 81 91 83 77 79 88 87 78 77 78 82 85 89 104 139 149 129 137 180 207 203 204 196 196 202 214 239 242 234 225 230 236 235 236 243 247 248 250 251 251 251 251 251 251 251 251 251 251 251 251 251 251 251 251 251 251 251 251 251 251 251 251 251 251 251 251 251 251 251 251 251 251 251 251 251 251 251 251 251 251 251 251 251 251 251 250 247 242 224 205 186 176 173 179 172 164 147 138 132 140 170 208 229 235 243 247 249 
174 181 172 173 196 212 181 177 203 216 190 169 151 140 119 109 131 126 98 90 114 127 126 105 95 82 86 86 80 79 79 79 82 82 91 116 136 132 125 134 180 198 201 197 199 207 225 240 244 244 244 246 247 245 247 249 249 250 251 251 251 251 251 251 251 251 251 251 251 251 251 251 251 251 251 251 251 251 251 251 251 251 251 251 251 251 251 251 251 251 251 251 251 251 251 251 251 251 251 251 251 251 251 251 251 250 247 243 237 225 204 182 171 177 180 173 159 158 161 165 163 180 204 224 239 246 248 249
162 172 166 177 201 219 197 176 188 209 202 181 167 138 120 124 156 147 118 121 130 135 133 125 114 88 84 86 84 81 80 83 85 84 86 98 110 126 122 122 152 183 201 212 210 215 238 242 245 247 249 250 250 250 250 251 251 251 251 251 251 251 251 251 251 251 251 251 251 251 251 251 251 251 251 251 251 251 251 251 251 251 251 251 251 251 251 251 251 251 251 251 251 251 251 251 251 251 251 251 251 251 251 251 251 249 246 243 232 220 193 169 158 155 149 138 130 150 160 175 188 195 200 213 234 244 247 250
162 173 151 157 183 216 209 192 192 180 184 173 164 146 145 145 174 171 137 120 117 133 144 148 119 98 91 95 99 95 90 87 88 86 89 98 111 121 123 140 162 195 209 203 201 223 241 244 245 248 250 251 251 251 251 251 251 251 251 251 251 251 251 251 251 250 249 250 251 251 251 251 251 251 251 251 251 251 251 251 251 251 251 251 251 251 251 251 251 251 251 251 251 251 251 251 251 251 251 251 251 251 251 251 250 248 247 241 225 210 174 156 152 132 118 138 143 143 154 171 183 194 196 201 222 234 243 247
166 175 156 147 182 218 231 214 212 179 156 156 153 139 152 164 155 148 129 130 148 171 165 175 174 142 103 107 127 112 109 103 86 86 96 120 129 130 122 137 161 191 205 200 202 224 243 243 244 247 249 250 251 251 251 251 251 251 251 251 251 251 251 251 251 252 255 253 250 251 251 251 251 251 251 251 251 251 251 251 251 251 251 251 251 251 251 251 251 251 251 251 251 251 251 251 251 251 251 251 251 251 251 251 251 250 242 222 208 194 169 153 137 118 119 163 176 180 180 184 190 208 212 207 213 230 241 246
185 182 160 151 183 228 228 219 235 202 167 147 151 149 150 153 146 138 148 145 151 177 182 197 198 168 131 122 126 123 122 121 102 103 124 136 135 143 123 124 137 155 174 189 197 202 234 243 243 246 249 250 251 251 251 251 251 251 251 251 251 251 251 248 253 233 197 243 251 252 251 251 251 251 251 251 251 251 251 251 251 251 251 251 251 251 251 251 251 251 251 251 251 251 251 251 251 251 251 251 251 251 251 251 250 248 230 207 201 200 192 173 148 131 138 159 179 193 196 203 209 206 212 216 223 233 242 246
187 189 169 159 193 231 231 233 244 230 209 167 139 128 146 158 149 122 135 150 159 179 181 194 191 180 169 156 145 142 145 138 130 133 155 152 147 137 132 122 125 121 137 157 172 183 217 242 244 246 248 251 251 251 251 251 251 251 251 251 251 251 250 251 255 154 118 179 221 252 250 251 251 251 251 251 251 251 251 251 251 251 251 251 251 251 251 251 251 251 251 251 251 251 251 250 249 251 250 250 250 250 250 249 247 241 226 221 220 217 202 192 179 159 167 181 201 209 217 218 206 204 204 212 227 232 239 244
207 215 207 186 216 237 236 238 247 244 227 192 170 160 155 172 160 132 123 142 154 167 169 171 163 164 156 168 175 162 159 167 164 163 173 167 151 128 126 128 142 138 133 146 164 184 211 238 246 247 249 250 251 251 251 251 251 251 251 251 251 250 254 239 216 109 132 137 127 188 255 248 251 251 251 251 251 251 251 251 251 251 251 251 251 251 251 251 251 251 251 251 249 247 245 243 244 247 248 246 247 248 246 244 243 237 232 220 212 198 186 193 192 198 208 218 229 234 235 229 225 228 229 231 234 240 242 247
222 236 236 227 235 239 241 244 247 246 227 193 172 184 175 174 171 132 125 135 148 162 157 164 167 154 151 157 162 161 168 191 198 181 168 170 143 122 122 131 133 133 140 148 152 194 225 241 246 249 250 250 250 251 251 251 251 251 251 251 250 252 246 122 113 122 118 109 93 102 228 255 250 251 251 251 251 251 251 251 251 251 251 251 251 251 251 251 251 251 251 249 238 224 222 228 232 241 247 243 241 243 243 243 239 235 223 210 200 197 200 206 220 229 234 239 245 244 244 246 249 247 245 245 245 248 250 251
224 233 241 245 237 229 238 247 246 236 220 198 201 203 196 185 177 154 149 143 149 152 155 165 181 171 158 151 156 167 181 211 219 174 140 144 120 121 125 133 137 128 135 146 163 196 229 244 246 248 249 250 251 251 251 251 251 251 251 251 249 255 198 106 127 139 105 91 88 73 100 231 253 249 251 251 251 251 251 251 251 251 251 251 251 251 251 251 251 251 250 245 225 210 203 206 211 229 235 235 240 239 241 237 232 229 221 208 210 222 226 226 234 241 243 245 248 249 249 250 250 250 250 250 249 250 251 251
221 222 229 243 240 235 239 244 246 240 225 199 217 236 223 215 211 188 169 156 166 163 165 163 166 161 145 141 166 188 199 215 224 192 155 149 127 127 137 129 137 132 117 125 159 199 219 243 247 246 247 249 249 250 251 251 251 251 251 251 245 255 155 105 109 126 112 69 91 96 62 146 255 250 249 251 251 251 251 251 251 251 251 251 251 251 251 251 251 251 250 243 221 204 192 196 200 211 226 233 235 236 236 230 220 223 228 223 229 237 240 239 242 244 245 246 249 250 251 250 251 251 251 251 251 251 251 251
211 198 198 212 224 239 244 244 245 247 239 213 218 243 244 237 237 219 208 183 179 188 163 148 141 144 142 141 158 190 200 206 218 201 178 154 128 120 129 135 139 147 121 116 138 182 222 244 248 249 248 246 247 249 250 251 251 251 250 249 249 224 127 139 127 118 78 55 76 87 76 71 159 240 255 250 251 251 251 251 251 251 251 251 251 251 251 251 251 250 245 230 207 184 183 196 202 217 237 240 241 238 234 232 220 220 227 228 237 243 242 243 245 245 246 249 250 251 251 251 251 251 251 251 251 251 251 251
189 175 172 181 185 217 238 245 244 243 244 240 237 243 243 238 243 232 233 214 193 196 177 149 131 131 144 148 150 170 189 201 202 191 163 143 133 118 113 131 144 142 145 137 137 154 198 241 248 246 247 245 244 247 248 248 250 251 255 248 223 168 119 159 111 87 86 87 74 76 66 45 63 149 197 248 251 251 251 251 251 251 251 251 251 251 251 251 250 248 240 229 209 179 176 197 217 231 239 241 242 239 236 231 218 206 218 227 234 238 243 245 246 246 247 249 250 250 251 251 251 251 251 251 251 251 251 251
165 167 157 163 169 178 210 243 246 245 244 244 243 243 244 246 249 244 225 234 226 211 191 160 141 134 149 141 142 184 192 190 201 185 151 139 130 120 115 118 138 141 144 154 166 166 158 206 241 242 243 244 245 247 245 245 250 252 228 191 161 160 155 91 85 82 58 76 84 82 59 48 135 140 91 218 255 248 251 251 251 251 251 251 251 251 251 250 248 246 237 224 205 190 189 205 225 232 234 237 238 237 235 230 213 201 213 218 220 231 244 247 248 247 248 250 251 251 251 251 251 251 251 251 251 251 251 251
159 159 142 146 164 176 190 231 245 248 247 244 235 239 245 245 249 234 193 205 230 219 191 170 160 145 137 138 173 182 148 171 199 179 158 136 121 122 115 118 150 140 133 148 168 180 180 194 215 237 241 240 245 245 238 232 252 231 128 119 142 175 126 74 109 89 58 55 53 79 45 69 143 99 72 168 255 250 251 251 251 251 251 251 250 249 247 246 245 237 226 216 193 190 198 208 220 229 232 236 234 231 230 225 210 210 219 217 224 238 244 246 247 248 250 250 251 251 251 251 251 251 251 251 251 251 251 251
159 157 145 150 164 173 182 211 226 220 233 238 234 237 233 234 246 226 183 185 204 199 187 174 170 166 116 128 154 157 118 148 175 184 179 154 141 145 121 122 153 149 138 146 153 177 200 215 219 225 238 242 239 227 224 216 240 178 86 107 152 182 156 127 83 74 67 64 45 56 44 91 115 73 96 100 116 225 255 250 251 250 249 248 247 245 240 235 236 220 203 207 187 176 194 203 213 226 229 230 231 228 223 220 220 225 224 224 232 242 245 246 247 249 250 251 251 251 251 251 251 251 251 251 251 251 251 251
144 158 159 170 171 167 172 193 195 175 178 203 220 220 210 216 234 225 195 201 197 189 191 170 139 128 129 124 138 138 110 136 161 186 178 154 154 139 123 123 145 147 142 145 149 165 190 211 222 231 236 236 224 212 212 214 219 154 90 139 147 186 169 104 52 51 63 59 50 47 36 104 103 82 91 85 61 133 255 247 248 247 244 238 238 235 235 222 211 205 203 195 173 166 172 192 208 215 218 221 230 232 225 224 229 230 232 236 242 244 245 246 249 250 251 251 251 251 251 251 251 251 251 251 251 251 251 251
143 164 153 140 141 160 166 170 170 167 165 176 184 187 195 204 226 211 183 208 210 193 169 165 137 88 92 125 117 117 108 123 150 155 149 136 140 126 115 125 141 138 129 126 148 159 171 196 218 216 223 228 217 224 228 204 167 123 85 164 155 131 113 95 66 48 59 55 49 38 52 117 85 93 90 91 76 150 254 243 244 243 238 229 218 206 223 211 200 194 195 180 172 177 167 182 202 207 215 226 230 234 233 233 236 239 243 245 245 246 247 249 250 251 251 251 251 251 251 251 251 251 251 251 251 251 251 251
148 158 141 135 142 138 144 153 156 158 161 179 182 183 183 196 202 186 177 202 216 171 155 144 116 89 87 108 89 87 83 87 130 146 134 129 138 132 115 117 123 129 134 138 156 160 167 180 200 200 213 217 220 227 222 179 160 105 99 184 135 144 133 114 80 54 57 50 48 26 50 126 110 89 86 90 74 161 255 240 242 240 229 223 205 196 214 199 198 195 181 174 166 164 182 192 213 214 224 233 235 238 239 242 243 244 246 247 247 249 250 250 251 251 251 251 251 251 251 251 251 251 251 251 251 251 251 251
157 144 143 137 142 135 141 161 153 153 163 165 173 181 185 188 191 190 181 184 183 120 107 105 71 88 81 84 82 80 74 74 109 144 151 139 139 144 118 114 115 124 128 141 159 158 140 142 168 192 222 214 212 204 176 165 161 79 156 163 130 134 128 151 86 48 57 46 48 22 72 139 122 80 76 79 69 111 248 238 231 230 223 204 188 189 205 197 200 187 166 169 160 149 192 229 241 237 240 241 244 244 243 244 245 246 248 250 250 250 251 251 251 251 251 251 251 251 251 251 251 251 251 251 251 251 251 251
150 136 134 133 143 138 146 157 147 136 140 146 158 172 184 181 193 181 171 179 159 94 77 78 75 85 83 62 77 83 81 72 87 121 138 144 141 128 105 110 117 114 113 109 120 130 121 120 141 180 212 206 210 187 153 180 131 108 158 147 149 116 157 119 72 43 57 59 48 14 92 127 82 65 75 82 88 85 178 239 217 220 218 193 163 153 171 191 204 180 165 161 161 162 207 242 245 247 249 246 247 248 247 247 248 249 249 250 251 251 251 251 251 251 251 251 251 251 251 251 251 251 251 251 251 251 251 251
150 137 140 140 138 140 133 138 135 125 126 134 154 165 171 176 185 173 169 186 153 95 77 85 76 79 78 60 64 82 85 80 78 96 111 132 150 139 121 105 127 120 100 101 109 120 111 97 131 197 204 178 204 173 186 163 95 145 144 140 141 121 152 95 54 41 53 58 42 12 108 118 78 51 63 82 101 73 122 221 202 210 210 189 173 152 147 195 201 175 154 163 166 181 214 235 231 245 249 250 250 250 250 250 251 251 250 251 251 251 251 251 251 251 251 251 251 251 251 251 251 251 251 251 251 251 251 251
145 150 154 155 148 138 125 133 120 145 153 136 143 161 160 168 172 159 166 174 128 101 104 96 82 81 68 57 58 72 70 64 78 73 88 108 119 122 127 121 112 125 123 124 129 131 121 115 152 210 164 182 192 160 177 125 99 150 131 157 146 176 155 88 56 49 53 54 35 20 99 126 81 65 61 72 80 63 107 170 174 199 200 195 192 179 160 183 171 166 166 172 177 185 199 222 227 242 247 250 251 250 250 250 251 251 251 251 251 251 251 251 251 251 251 251 251 251 251 251 251 251 251 251 251 251 251 251
178 182 161 165 163 146 151 124 117 173 164 143 161 170 191 162 159 169 166 142 109 103 112 95 93 86 65 57 58 69 82 64 68 70 68 82 81 91 124 120 104 146 134 121 141 161 148 133 155 171 134 206 193 176 174 95 104 138 154 121 175 170 151 85 70 70 49 59 35 44 116 81 67 73 57 64 72 63 112 156 148 174 198 202 202 193 172 167 170 170 161 155 186 198 186 220 231 238 246 248 250 251 251 251 251 251 251 251 251 251 251 251 251 251 251 251 251 251 251 251 251 251 251 251 251 251 251 251
224 206 182 187 194 188 144 88 85 189 206 198 178 152 167 139 152 160 174 107 94 102 112 98 81 75 72 71 61 72 100 62 70 100 84 78 57 106 111 117 120 133 118 126 150 165 147 165 168 177 190 187 178 188 140 77 113 131 163 131 166 149 172 135 119 60 46 58 37 84 120 73 70 64 65 52 58 61 78 155 137 145 166 192 201 203 171 157 184 188 165 151 171 185 187 208 214 215 243 249 248 250 251 251 251 251 251 251 251 251 251 251 251 251 251 251 251 251 251 251 251 251 251 251 251 251 251 251
225 223 189 183 194 189 109 107 90 142 175 182 148 136 128 131 132 136 136 84 95 92 103 86 72 73 72 67 62 67 67 71 87 91 76 88 109 98 97 91 101 109 134 137 139 142 142 152 180 193 171 199 174 165 109 83 120 160 160 114 112 164 179 121 138 71 48 45 35 87 96 84 98 69 72 59 57 59 41 126 145 140 145 168 196 189 166 165 186 163 157 135 160 177 186 208 194 178 221 247 245 248 251 251 251 251 251 251 251 251 251 251 251 251 251 251 251 251 251 251 251 251 251 251 251 251 251 251
203 205 195 188 202 165 89 79 81 70 78 132 122 128 119 134 126 142 103 111 87 78 90 78 66 72 65 63 58 63 91 102 78 75 76 70 124 93 77 78 84 82 107 126 119 111 111 146 199 169 173 191 184 153 85 89 151 157 122 98 80 131 124 111 124 66 58 40 38 114 101 90 97 76 66 61 57 52 44 92 155 145 146 144 169 177 163 163 178 161 149 141 171 176 191 206 201 183 183 213 233 240 247 249 251 251 251 251 250 250 249 249 251 251 250 251 251 251 251 251 251 251 251 251 251 251 251 251
180 170 186 201 199 123 83 76 67 53 69 121 94 121 105 124 133 115 119 145 80 72 93 83 60 67 67 54 61 122 78 88 79 71 74 58 82 93 78 64 68 65 84 107 113 96 107 206 187 142 182 185 154 109 85 140 156 148 92 78 90 91 89 119 124 67 56 34 50 109 99 82 66 73 62 58 59 59 48 72 168 166 157 154 140 166 181 173 189 183 157 148 152 177 197 181 167 172 164 175 204 210 234 242 251 251 250 249 246 244 243 239 239 244 249 251 251 251 251 252 252 251 250 249 249 250 251 251
199 191 189 180 146 89 91 61 54 72 47 86 118 96 108 126 131 98 124 120 74 71 84 83 70 69 65 45 71 129 77 90 70 60 72 68 75 92 76 57 68 71 80 93 106 85 113 168 158 147 169 172 149 90 133 151 139 124 72 58 71 89 84 99 92 68 57 41 42 76 109 103 105 76 52 56 56 62 60 69 171 192 157 146 143 168 191 187 183 200 181 151 157 181 203 169 137 141 156 151 169 199 229 238 248 249 244 242 234 230 217 220 214 205 231 251 251 250 249 241 238 248 249 241 243 248 250 251
171 115 94 86 84 89 86 48 52 69 60 71 126 107 120 138 109 96 121 115 74 67 78 81 81 84 61 44 75 97 93 102 92 65 68 84 60 80 78 57 64 75 75 79 88 75 91 132 156 155 176 176 125 121 149 99 137 107 91 54 52 78 62 83 97 72 63 37 32 114 135 120 118 80 58 57 56 60 64 64 140 191 151 131 145 163 196 185 181 211 196 180 194 185 188 170 145 138 146 135 146 204 239 239 246 242 229 207 195 199 190 191 190 177 183 227 251 249 246 226 207 222 220 224 223 230 246 249
74 56 73 87 97 82 63 42 46 68 65 71 155 125 145 161 98 106 96 91 68 63 77 78 79 79 73 105 102 68 49 77 75 92 53 70 66 83 95 63 65 69 66 67 70 62 96 134 136 148 190 179 138 172 116 137 148 137 106 63 50 62 52 69 96 83 64 25 56 137 103 86 93 85 57 56 59 61 62 61 90 168 143 140 191 205 212 204 188 200 181 172 185 172 142 146 132 130 133 123 137 199 225 227 232 224 205 169 156 164 164 162 162 157 156 179 220 231 230 221 194 176 177 182 198 217 236 244
84 84 80 109 110 81 75 52 55 58 46 65 124 150 169 117 92 99 90 79 70 48 80 91 73 95 115 125 83 67 52 69 52 73 68 69 70 93 106 98 65 67 63 70 74 76 129 118 132 171 160 119 185 164 113 156 144 130 164 116 55 51 52 74 75 75 62 26 100 91 81 67 73 79 60 58 57 57 58 67 75 97 152 170 197 225 205 174 150 162 159 155 176 159 137 126 122 126 133 125 146 177 198 216 213 198 179 149 135 142 146 141 137 136 154 181 204 205 195 189 185 189 185 181 201 224 232 239
93 79 101 112 86 83 65 91 112 75 37 68 129 146 137 105 101 66 61 76 74 48 75 80 74 88 78 107 77 75 64 67 58 48 63 85 70 105 112 105 86 61 65 75 60 95 100 84 119 140 112 101 158 105 123 185 133 152 202 88 68 52 52 94 75 62 53 107 111 105 101 73 79 78 71 61 55 59 56 65 72 70 130 190 187 196 181 153 126 128 139 136 148 121 139 141 147 146 157 141 135 146 129 133 167 164 155 152 125 119 140 139 133 132 159 180 185 188 200 200 211 222 218 208 217 233 238 238
69 86 132 87 71 57 53 113 151 100 59 87 153 151 128 119 90 38 52 78 73 46 67 68 79 68 47 98 96 63 58 57 64 50 49 51 65 66 64 75 73 55 64 65 52 94 89 96 96 62 72 136 141 79 166 185 104 203 122 60 55 54 72 58 56 63 65 187 136 77 84 88 84 66 66 65 67 62 62 69 60 75 84 167 176 151 159 152 142 128 130 134 132 119 141 148 151 157 155 161 147 103 76 85 105 86 98 114 87 77 105 135 141 138 145 155 153 160 177 196 215 219 214 215 223 239 242 241
59 137 134 81 63 68 65 90 75 57 57 103 189 149 126 116 84 34 51 69 59 37 65 80 93 102 78 62 80 65 68 60 64 61 44 49 53 44 92 91 73 67 56 86 74 93 111 121 79 54 51 144 123 151 189 172 166 144 64 77 49 60 52 50 61 46 132 218 136 99 107 81 70 75 71 62 74 62 56 67 57 65 64 136 183 145 121 106 124 140 136 132 125 136 133 153 148 119 138 132 78 63 69 85 84 69 71 65 62 73 59 71 117 145 138 147 148 151 169 185 205 217 210 196 178 187 239 245
96 137 131 102 61 66 68 67 57 57 48 117 181 134 149 133 75 30 46 60 45 40 59 77 95 106 81 68 70 80 79 61 55 47 53 58 62 32 70 108 78 57 56 115 92 115 132 99 84 62 91 146 181 169 166 193 193 102 49 80 56 58 79 50 64 40 159 157 111 107 98 79 70 74 70 53 56 64 51 65 66 55 61 91 205 155 110 124 117 131 146 159 153 139 180 183 113 89 84 61 58 70 72 73 74 72 68 76 75 71 73 65 52 124 176 152 140 155 155 156 178 168 129 122 97 103 168 209
91 91 141 153 72 64 65 68 45 46 44 129 155 153 155 124 78 30 38 50 27 43 65 95 91 81 63 69 72 61 76 64 43 53 58 52 63 28 35 97 93 56 57 125 89 121 141 110 133 93 154 219 207 171 209 210 144 77 63 75 44 44 64 56 47 56 200 122 145 131 72 72 69 72 71 50 54 64 57 62 67 50 64 69 129 162 113 93 116 126 122 130 140 123 142 110 76 58 68 67 74 72 70 72 79 62 68 75 62 63 77 80 69 70 174 176 127 125 124 127 139 133 122 136 138 144 125 108
117 125 147 150 81 56 68 60 36 25 40 123 158 162 147 121 73 39 39 42 42 44 107 122 85 73 68 52 54 54 77 62 46 64 51 51 59 34 29 64 80 76 68 144 153 174 130 137 130 116 190 213 200 212 184 151 137 40 72 59 39 54 48 45 21 114 174 101 140 106 58 72 71 69 68 52 54 64 61 68 73 54 50 66 81 102 86 85 93 77 89 91 87 99 80 66 57 63 55 66 73 75 65 76 85 61 65 72 67 72 77 71 68 66 82 143 126 128 145 134 126 128 137 171 118 111 125 119
137 119 111 146 74 55 70 55 36 18 49 132 154 140 132 108 57 47 43 40 49 64 116 89 72 84 63 37 61 58 62 88 51 65 54 49 60 63 45 69 65 81 68 92 72 79 134 162 141 181 234 176 180 184 149 172 118 50 73 51 59 64 57 33 13 129 152 155 81 52 54 64 69 70 59 60 58 61 55 68 75 57 46 42 75 79 80 86 71 77 76 74 79 88 82 74 75 76 63 72 66 65 72 67 83 72 76 82 77 73 76 68 68 57 54 78 102 78 113 133 125 92 120 138 116 113 132 152
121 132 140 162 95 56 66 54 39 26 69 136 123 103 113 101 53 45 41 53 96 100 96 100 123 121 84 47 76 63 47 70 55 55 46 41 63 80 69 68 66 77 77 64 63 127 159 112 160 246 220 159 167 131 149 222 141 71 58 54 59 64 57 34 27 121 174 175 67 58 60 59 61 68 57 62 62 55 50 65 71 52 33 31 45 64 86 94 85 85 84 84 85 87 78 74 72 75 74 69 60 60 64 64 74 70 77 84 70 69 75 62 72 64 60 56 61 60 62 77 92 103 97 111 116 111 106 119
124 113 104 141 138 60 55 50 20 33 76 134 100 80 107 72 38 30 37 102 96 62 103 98 89 106 99 64 53 61 46 58 49 39 43 49 54 65 68 61 60 60 67 54 99 180 104 92 220 220 124 157 159 155 156 203 152 65 65 61 59 65 60 39 35 135 158 115 73 64 55 52 59 63 49 69 63 43 60 71 59 43 19 34 44 54 78 80 86 80 78 78 74 76 71 72 73 76 71 62 68 63 60 63 70 73 82 80 58 61 76 61 64 70 58 76 76 70 66 64 57 72 97 96 97 91 104 122
127 126 101 178 160 54 59 42 11 34 70 131 95 115 108 70 28 28 98 130 78 63 90 65 70 97 101 65 58 56 41 50 49 29 39 66 54 47 59 56 67 51 59 62 120 173 127 179 219 165 123 154 135 188 165 90 101 121 125 86 65 66 53 37 22 125 151 89 94 112 64 54 53 58 47 58 60 51 57 66 38 38 34 35 50 50 65 62 69 89 74 81 80 65 75 76 57 64 67 64 62 63 71 66 67 81 79 63 65 68 67 76 70 75 57 67 75 63 77 70 73 59 68 98 109 108 112 127
161 162 91 112 95 46 58 29 8 38 92 139 120 127 98 69 30 68 110 91 57 58 86 62 72 85 93 72 41 38 49 38 49 25 47 76 56 69 59 48 66 48 39 32 146 174 202 192 188 181 113 145 114 123 96 84 87 154 168 77 62 59 49 40 66 125 120 92 86 100 67 56 46 57 49 52 51 50 55 51 28 35 54 48 43 53 68 76 68 87 95 83 78 72 79 74 64 71 64 62 69 54 58 48 67 77 61 66 80 76 73 84 82 85 65 56 76 66 56 56 66 55 46 56 87 92 139 179
138 135 57 67 87 50 45 23 10 35 127 123 123 87 51 53 50 85 66 42 39 68 79 69 65 74 97 96 67 43 51 41 44 34 48 64 70 67 69 56 65 97 111 59 167 181 203 209 201 142 119 145 137 127 111 77 62 130 167 75 59 62 35 44 55 100 134 92 97 90 72 64 43 46 53 43 47 44 28 63 79 43 47 67 53 58 74 77 72 57 83 97 85 79 73 66 64 72 68 66 64 63 55 52 50 74 68 58 82 78 94 96 80 73 61 63 81 74 61 69 64 61 57 58 55 82 132 151
126 119 92 99 79 57 37 23 6 36 133 128 88 71 53 68 64 59 50 54 56 61 108 101 89 72 108 146 142 49 42 41 41 34 32 61 69 64 61 55 46 87 127 82 197 228 233 242 182 97 138 147 140 171 112 54 69 77 83 115 69 69 36 24 64 160 111 99 86 95 86 68 51 42 48 48 48 39 21 102 103 56 50 73 61 50 72 78 75 62 62 75 95 96 98 81 78 78 85 56 49 58 54 56 63 73 81 93 101 105 107 104 77 76 75 72 81 77 80 81 60 71 87 73 63 61 71 74
110 114 113 98 79 40 43 21 7 42 131 136 80 62 45 64 59 57 56 62 53 65 117 92 116 102 143 158 151 100 44 28 41 24 35 58 68 65 55 57 57 35 63 118 212 219 251 213 107 115 111 131 131 212 158 117 106 54 80 100 82 60 43 25 104 189 115 115 91 92 83 69 54 43 44 42 47 30 43 125 118 76 59 70 64 51 60 67 73 71 68 84 73 104 140 110 83 94 77 49 54 58 56 68 84 84 106 119 123 112 93 79 82 83 80 69 80 81 87 90 70 66 82 80 67 73 70 82
79 73 99 111 92 42 50 38 10 85 153 130 85 47 41 54 46 56 52 42 39 71 90 90 116 148 155 147 130 93 74 38 31 16 43 56 60 58 36 62 58 29 38 64 191 216 177 142 188 131 148 146 110 208 199 188 120 88 81 89 86 55 46 55 144 137 109 127 85 92 91 69 58 48 45 34 42 35 92 79 75 63 82 81 74 60 60 67 70 65 53 77 82 91 92 103 104 103 63 53 67 69 67 75 74 58 53 70 79 103 93 77 78 70 78 91 96 87 89 82 86 76 64 55 59 79 67 66
79 92 76 72 57 43 48 26 16 114 137 93 58 40 58 49 48 56 58 30 34 61 120 99 114 143 135 124 72 63 66 54 18 19 49 55 54 50 36 65 60 41 36 150 226 198 132 214 210 187 194 113 169 175 150 141 81 94 132 88 110 53 62 57 92 75 78 73 79 87 85 69 56 38 40 44 29 76 175 107 69 66 83 85 77 67 61 65 72 63 44 45 62 82 104 75 115 151 95 67 73 67 76 76 69 71 61 58 66 85 87 87 79 66 71 76 87 75 82 74 61 50 61 66 67 85 82 71
85 95 101 77 80 41 28 25 33 142 147 100 75 63 63 32 53 50 53 41 45 71 130 102 101 103 95 80 78 91 71 61 45 45 57 53 60 50 38 69 75 68 82 223 207 144 180 170 177 205 160 111 149 114 156 123 96 69 105 87 90 35 61 80 67 89 72 67 77 81 77 77 52 33 36 42 23 115 166 127 76 72 82 70 64 64 56 55 60 58 34 43 62 58 87 97 144 141 124 97 88 82 75 78 74 68 80 59 59 64 65 108 128 91 90 88 88 80 64 80 78 69 92 98 63 84 60 87
91 112 116 103 91 70 68 61 41 165 140 90 95 87 52 42 52 51 52 52 47 88 178 116 115 84 69 89 100 87 70 62 54 54 59 68 66 43 43 60 67 71 143 229 169 152 184 174 166 180 135 123 140 136 142 145 98 62 77 85 57 20 66 148 115 90 113 90 77 77 77 76 58 23 36 15 60 86 92 109 64 50 80 73 58 67 70 63 63 51 28 66 116 90 96 76 141 155 150 93 94 79 94 103 83 83 76 62 78 107 109 142 155 107 95 101 112 103 80 62 46 71 96 77 67 73 61 86
66 95 109 107 73 84 106 80 92 176 120 93 106 84 48 49 64 65 54 39 85 125 144 108 102 82 62 70 78 96 78 52 44 61 51 65 55 41 41 60 73 44 144 193 157 158 160 197 162 152 143 154 167 163 147 108 122 65 78 83 52 12 32 86 119 133 108 115 97 67 79 78 56 33 28 12 46 44 72 104 56 41 62 74 73 63 71 64 69 37 35 94 108 63 83 89 143 149 140 88 153 177 110 101 109 116 98 105 125 141 159 147 158 100 88 124 107 109 89 90 76 54 78 59 67 56 60 64
125 84 95 72 26 41 79 101 140 143 99 106 100 51 43 54 73 70 57 56 146 137 104 92 80 109 61 79 135 122 86 64 29 51 51 59 57 49 66 86 72 85 189 189 194 161 210 184 134 141 180 165 118 181 152 127 130 64 61 68 53 47 79 118 167 111 55 127 91 73 82 80 56 50 19 17 30 48 72 113 49 38 57 64 72 59 64 68 46 28 50 85 93 100 132 131 114 104 127 136 131 213 230 198 147 117 123 133 184 207 215 179 182 140 128 138 137 118 110 93 77 76 61 42 71 63 72 85
98 70 67 58 56 29 50 80 96 98 126 117 83 45 50 62 82 69 54 77 106 89 111 92 114 88 47 60 131 103 77 80 28 44 52 54 56 57 96 85 70 159 169 165 186 209 199 143 150 130 160 127 122 127 134 188 195 99 60 65 47 66 119 110 129 130 81 117 90 70 79 77 57 28 24 29 41 55 69 112 63 39 54 65 64 65 62 76 103 127 117 168 167 155 171 141 137 118 119 120 102 148 171 232 217 136 118 165 159 181 237 188 157 131 119 93 102 156 142 102 80 82 55 49 86 85 81 105
81 105 119 82 43 48 30 73 201 131 117 120 48 48 61 73 78 74 59 84 89 107 161 148 118 83 68 76 92 66 80 65 36 42 57 57 48 74 102 42 38 125 152 179 183 197 166 145 122 120 132 130 158 114 172 217 217 131 86 63 53 53 75 116 111 112 100 85 84 70 79 72 28 24 50 48 44 56 64 96 98 45 59 84 68 76 45 86 209 220 187 201 152 128 164 146 145 150 121 82 108 191 163 166 188 125 152 155 149 177 195 150 171 129 119 103 115 122 144 164 148 122 75 58 92 102 97 96
82 70 95 94 58 38 49 122 156 167 169 112 39 64 68 64 70 72 81 79 71 128 177 137 89 91 92 90 80 83 95 61 30 47 57 62 39 53 63 50 16 116 150 196 185 179 171 129 148 126 102 132 127 131 133 183 226 141 113 88 44 54 60 96 113 113 100 71 85 73 76 40 9 55 64 53 49 67 56 67 103 87 88 76 83 103 54 100 198 122 140 139 99 138 155 150 140 113 108 71 110 184 189 146 147 114 150 168 217 193 180 149 152 126 125 118 155 115 125 138 124 148 115 96 83 83 115 104
63 63 75 112 75 43 57 126 94 174 203 42 49 59 68 72 35 46 64 60 108 161 149 106 81 112 115 53 36 96 105 57 28 45 50 54 31 90 70 36 39 156 192 199 176 156 152 110 122 128 108 155 141 136 119 119 177 122 181 122 62 99 60 67 116 113 96 70 70 77 54 23 32 120 156 106 127 163 152 103 81 108 95 98 94 99 62 44 147 130 148 141 190 164 160 120 122 146 154 102 123 148 136 116 153 143 90 139 146 164 153 125 188 182 145 150 153 124 142 165 117 138 150 164 154 109 101 173
58 58 100 87 20 21 34 126 141 183 130 40 69 65 53 59 50 51 67 90 145 126 103 96 132 130 109 84 32 107 118 80 40 40 49 36 50 113 89 10 72 196 199 166 118 114 111 113 110 121 110 130 132 118 138 142 157 141 199 171 90 111 84 70 80 121 92 75 79 91 63 144 126 134 200 154 180 183 162 154 103 115 105 102 77 62 22 46 124 139 155 188 199 146 128 113 109 146 177 162 120 131 146 142 152 111 86 80 69 88 122 140 198 176 118 133 140 142 154 178 190 167 184 140 133 142 131 235
58 90 131 106 47 15 32 148 180 172 85 49 59 42 51 80 85 83 94 98 93 106 116 120 121 93 91 103 86 97 70 61 44 49 48 38 71 102 60 9 112 203 165 127 136 135 127 119 110 137 156 130 71 111 161 167 151 138 133 147 85 101 97 96 72 107 107 77 76 88 130 179 159 144 171 162 167 163 144 132 111 96 115 113 84 101 107 125 127 131 159 198 193 126 105 138 133 147 152 125 100 125 150 156 137 98 103 105 82 64 83 152 195 141 93 117 142 83 94 131 138 139 110 85 102 118 174 244
77 99 85 79 66 34 20 83 122 107 61 68 71 74 59 57 76 54 80 93 100 128 133 121 109 102 97 83 76 71 89 57 53 47 36 76 84 77 53 28 156 209 158 155 172 167 100 114 119 127 186 125 98 127 163 153 148 138 139 72 64 102 87 95 110 105 147 78 61 201 220 165 159 150 136 120 161 192 161 115 144 126 111 85 121 142 135 142 142 165 195 197 140 108 143 143 119 146 136 139 141 119 116 145 128 108 144 147 134 124 99 184 178 151 114 118 105 89 119 129 80 116 100 175 151 106 128 237
71 91 63 64 48 33 39 70 67 68 76 75 87 80 71 66 57 55 61 95 132 120 109 101 113 110 84 86 75 62 90 55 48 35 26 66 86 66 25 86 188 194 202 146 84 99 91 137 152 120 111 114 157 142 155 142 145 123 104 77 84 88 72 94 100 102 144 103 109 255 223 177 179 135 118 141 157 147 156 131 147 162 82 127 128 128 143 92 86 133 215 152 133 128 142 125 116 122 133 165 157 103 139 122 98 66 145 120 119 138 117 153 200 172 118 115 123 152 145 149 100 112 114 151 134 80 91 244
46 58 62 41 47 67 37 44 68 74 84 100 81 64 80 79 72 78 77 99 93 86 94 77 77 93 97 83 80 72 71 61 60 18 33 57 68 49 76 160 196 187 141 75 72 86 95 129 129 119 120 171 126 132 142 165 124 107 104 73 101 83 77 73 88 86 135 107 170 237 188 182 199 110 120 141 157 126 102 137 160 118 104 170 120 172 138 109 24 94 196 139 138 147 156 138 120 120 136 145 125 67 129 127 120 82 127 106 112 158 145 124 212 228 146 116 157 141 146 181 105 90 92 113 140 103 176 255
65 81 61 49 97 74 78 75 87 81 100 104 89 66 58 60 51 79 91 82 61 73 85 74 75 87 106 84 62 60 51 57 59 21 40 47 51 50 142 207 195 176 97 75 139 188 125 122 104 111 152 156 143 128 116 157 133 135 105 87 95 92 79 57 87 109 123 68 182 244 185 200 207 200 145 140 139 115 167 179 138 134 197 185 121 138 148 75 52 153 166 145 120 114 127 128 138 156 122 112 66 77 135 78 103 82 115 96 143 147 134 117 211 255 235 184 181 144 143 207 154 154 136 110 127 175 241 236
137 124 68 86 114 99 122 62 51 93 96 107 105 82 75 66 57 74 82 67 68 80 103 89 76 104 126 101 81 49 55 50 29 17 55 50 50 48 182 221 190 127 63 79 133 114 163 119 119 118 126 123 138 126 127 154 121 95 51 67 76 67 62 106 94 80 78 139 224 232 173 160 163 174 135 123 123 161 174 170 152 169 163 147 125 122 113 57 103 149 118 129 132 115 104 118 109 115 121 118 68 96 126 74 72 74 109 137 128 78 106 98 143 226 255 255 246 206 165 235 229 183 160 88 78 150 217 204
153 89 76 104 85 130 144 109 112 149 99 56 87 99 98 98 92 94 109 89 87 79 111 110 97 109 97 80 86 54 51 44 18 50 81 52 44 33 193 228 189 120 112 119 122 70 127 125 124 96 131 137 138 116 160 135 118 70 78 91 70 67 74 123 99 29 60 160 191 183 173 162 197 162 139 124 143 120 158 139 136 196 170 128 129 137 62 60 150 167 136 83 94 85 87 108 113 86 74 72 40 95 109 73 46 68 161 128 151 117 114 137 122 163 255 251 251 255 246 230 197 104 101 103 68 106 156 186
56 98 128 77 76 161 175 137 141 94 57 40 112 104 87 92 98 91 97 82 93 94 99 95 102 113 91 70 60 45 46 33 19 71 66 50 42 92 238 229 139 192 167 155 164 96 130 136 113 113 123 137 107 113 152 98 95 98 94 106 85 85 92 119 93 24 98 179 172 145 160 164 134 129 151 152 127 116 166 168 181 184 180 201 126 131 85 103 144 168 162 114 91 66 64 96 108 122 128 93 83 179 135 85 31 78 107 92 154 112 112 105 106 114 156 201 255 247 252 252 208 128 133 118 85 88 137 182
56 83 108 93 136 140 131 139 128 77 58 52 116 105 94 82 76 101 125 92 83 95 106 105 111 137 102 62 39 45 42 20 31 133 130 75 25 161 234 207 124 135 94 169 121 116 109 135 105 102 72 81 68 123 117 102 133 82 63 78 97 112 112 117 72 98 155 184 193 133 169 128 123 192 134 106 75 91 139 174 196 175 186 133 112 139 76 75 108 135 135 176 166 137 106 96 117 143 143 104 91 185 121 89 32 89 140 122 141 102 147 141 135 104 92 136 254 252 249 252 255 252 250 220 162 140 165 187
53 81 71 90 157 151 150 137 103 119 108 94 88 85 114 100 106 109 109 108 114 115 118 124 118 120 92 65 29 29 39 18 40 140 126 77 91 193 238 174 100 94 73 106 99 117 121 140 111 110 81 62 94 142 93 104 83 61 71 89 86 69 97 118 78 154 181 135 150 125 122 93 162 183 131 85 66 40 108 175 183 145 192 56 81 128 90 109 74 103 133 144 147 149 128 101 99 108 143 102 77 198 107 64 33 73 129 121 122 103 171 162 139 103 126 140 184 251 253 250 249 252 246 232 249 255 235 201
94 130 94 56 83 125 91 103 139 112 134 125 86 86 91 128 133 126 110 92 112 88 93 115 122 126 93 50 25 29 40 23 52 97 89 62 147 178 222 106 78 81 67 88 113 96 132 128 96 87 83 91 130 165 111 124 126 150 147 135 111 124 129 67 94 144 154 128 106 94 62 125 171 171 117 100 68 82 145 129 96 147 134 77 107 108 90 127 82 66 123 148 140 102 128 124 145 123 118 72 119 161 64 52 26 75 133 134 133 121 153 155 152 87 120 163 155 148 237 254 249 250 252 234 210 210 235 253
59 104 71 65 73 65 91 125 121 105 115 129 102 86 67 104 120 115 113 86 78 105 101 103 126 112 81 59 22 44 39 36 67 96 91 78 165 200 168 78 79 77 76 106 91 61 124 132 102 98 95 104 153 165 98 157 159 110 87 70 81 122 100 91 107 118 145 100 76 89 103 190 148 146 101 80 106 175 137 129 115 123 108 142 133 90 112 144 148 81 69 114 160 162 155 140 164 189 146 115 161 141 73 64 28 72 187 171 144 131 130 132 129 72 140 162 167 197 243 252 250 251 252 240 242 235 201 202
35 79 91 103 55 64 78 131 73 81 127 100 97 56 113 130 119 159 116 118 89 84 91 110 104 72 73 59 35 51 29 47 61 89 58 68 225 210 114 91 75 77 100 130 95 94 134 99 84 108 112 135 168 123 74 124 131 97 104 110 139 144 58 75 82 76 71 71 90 172 147 191 185 210 118 125 133 139 140 150 118 146 103 103 62 89 140 117 95 75 59 102 144 148 143 90 117 149 129 136 181 151 133 114 43 71 164 167 107 124 143 124 125 93 136 117 202 255 251 252 253 250 251 246 247 253 249 234
28 57 120 125 58 63 94 102 83 95 139 105 91 59 107 167 98 74 75 91 74 67 67 89 93 75 76 53 34 31 45 79 65 78 42 54 210 166 92 82 76 76 104 108 94 155 122 73 99 108 123 109 103 119 108 128 103 92 131 158 110 66 36 72 68 76 55 71 162 166 142 162 169 151 79 134 193 178 155 154 88 93 123 119 61 112 144 110 75 77 75 146 220 176 205 186 164 164 156 213 230 160 183 140 67 49 159 155 76 165 144 127 123 99 177 225 254 250 251 243 236 253 251 240 253 255 255 255
39 79 95 149 170 87 101 88 88 123 148 99 99 64 127 184 146 106 68 78 37 74 78 87 94 96 92 52 39 33 87 119 68 53 148 206 220 160 130 103 83 85 99 88 124 134 118 87 120 98 115 113 115 139 156 109 92 108 134 119 55 40 38 62 72 69 92 142 163 191 185 133 124 79 102 159 182 218 186 189 162 129 150 232 240 180 135 96 79 43 100 249 255 255 255 255 255 240 193 237 236 202 175 144 72 138 181 157 121 138 134 137 143 188 242 252 250 251 247 227 215 225 243 212 233 229 187 188
54 62 95 126 79 39 99 128 97 116 130 119 98 55 147 161 146 150 104 73 27 56 58 84 95 87 105 61 27 49 82 71 59 186 255 249 221 173 147 103 86 117 107 89 150 130 136 108 104 85 121 121 107 151 170 129 117 97 101 86 73 58 73 45 66 85 109 112 203 184 134 136 124 105 89 100 122 178 192 182 175 180 241 248 255 250 226 218 178 131 179 252 250 248 249 249 250 253 255 252 246 242 216 214 212 243 236 226 218 171 138 162 242 255 254 255 254 253 245 209 198 180 176 181 157 137 97 107
82 61 72 80 14 6 109 159 64 81 120 142 105 62 156 146 117 132 109 96 60 32 30 83 90 86 109 46 48 130 97 71 185 255 251 236 199 176 148 85 81 112 109 118 158 118 91 105 111 118 127 107 146 168 124 135 149 94 70 76 54 54 87 80 56 95 106 167 192 178 171 163 133 140 144 143 161 170 179 203 170 151 247 228 232 243 255 255 255 255 255 251 251 251 251 251 252 248 247 253 252 253 255 255 252 247 253 253 254 252 255 254 220 219 227 177 148 160 167 177 172 158 124 120 168 142 123 168
78 75 62 46 0 20 137 109 82 109 112 128 90 106 138 112 129 158 134 78 53 28 32 82 92 93 85 36 59 115 89 83 207 255 255 217 189 177 136 89 109 101 82 141 171 103 110 117 134 114 129 149 171 124 69 123 109 85 55 76 46 65 84 71 41 130 144 169 164 180 201 144 102 163 131 156 200 201 193 219 164 70 150 175 154 163 203 229 251 254 249 250 251 251 251 251 251 237 228 235 249 252 250 249 249 254 255 254 252 248 215 154 106 139 176 124 131 135 145 181 175 119 130 113 103 109 143 152
106 79 46 27 5 100 134 68 94 114 107 118 128 154 151 146 102 89 114 56 65 40 33 78 102 106 102 16 58 88 51 64 155 238 246 192 179 150 113 92 126 89 99 154 143 124 115 114 109 127 162 137 165 83 88 109 116 78 43 90 64 77 89 54 74 158 188 175 185 161 153 122 105 192 117 167 171 173 166 169 134 63 136 182 151 144 152 161 190 222 254 255 251 250 250 252 237 226 206 184 212 251 249 253 255 223 196 202 213 170 150 155 140 148 157 145 173 150 150 142 134 132 127 120 106 136 157 169
73 77 95 74 67 152 116 69 90 126 115 143 166 171 164 102 80 52 99 85 89 45 46 55 86 105 74 9 100 86 58 64 117 173 239 231 181 151 104 90 145 105 122 133 109 109 103 96 88 163 156 145 112 57 70 99 94 71 56 73 65 74 76 27 68 173 164 170 158 105 128 97 159 144 136 175 201 172 175 135 126 110 132 167 160 174 157 153 172 164 197 230 252 255 254 254 255 220 198 190 169 196 245 228 223 161 148 213 171 97 137 164 156 145 171 154 156 130 117 139 123 133 177 143 146 148 178 180
71 104 124 150 84 121 111 99 126 128 117 147 160 152 161 124 81 38 95 78 103 113 80 44 74 82 49 21 103 85 57 49 111 208 241 184 137 111 97 98 173 124 133 121 156 108 77 85 147 145 121 137 145 60 52 90 81 83 79 69 90 86 60 30 118 186 135 168 126 115 91 122 147 97 135 146 170 208 185 180 146 126 134 150 154 152 130 137 166 159 166 178 199 219 237 212 156 243 238 198 186 218 196 158 184 192 170 171 132 106 160 153 147 151 183 132 165 132 109 136 139 151 183 156 157 175 170 77
72 84 84 111 90 142 137 106 137 144 133 145 139 163 182 136 55 37 80 92 96 121 73 44 78 80 26 78 144 84 66 58 160 243 168 147 126 85 96 116 138 113 129 99 122 105 128 201 176 158 163 145 138 31 58 113 101 94 67 64 83 94 43 104 205 207 195 176 148 96 132 173 133 159 144 170 176 200 220 215 189 158 164 163 128 146 162 179 179 181 174 197 173 220 236 220 209 226 205 214 199 177 174 177 174 197 172 133 136 146 152 163 170 163 150 108 136 165 154 155 183 140 130 150 137 140 115 98
101 129 137 139 108 110 110 86 123 121 134 125 122 148 177 126 43 56 46 80 91 92 56 41 53 77 89 142 115 65 107 219 250 232 138 157 142 94 102 128 103 137 122 124 103 123 176 115 114 179 126 146 153 92 99 86 85 93 81 96 94 77 64 162 193 195 158 161 127 133 128 101 71 210 230 190 205 216 227 222 148 191 248 242 227 172 168 184 196 183 175 218 245 252 252 239 239 240 196 188 193 192 179 167 161 128 133 135 143 166 142 158 161 148 100 105 186 155 168 150 101 114 164 131 126 151 131 188
83 105 103 114 77 46 55 99 113 95 119 110 111 147 180 88 41 67 48 83 93 82 79 95 148 227 230 142 112 184 230 255 254 235 141 95 89 95 100 103 112 143 98 131 97 115 81 74 147 133 74 146 137 152 148 103 121 84 114 104 87 110 186 177 218 181 137 106 124 179 122 115 134 199 215 216 209 195 131 122 114 225 224 212 236 232 195 186 233 191 206 159 190 211 241 222 185 187 194 208 210 164 172 139 130 149 153 159 119 137 154 123 141 121 118 160 144 143 168 157 146 150 177 169 151 193 163 144
91 129 92 97 38 41 92 147 95 95 134 104 106 159 142 54 39 48 61 83 94 83 45 124 255 241 184 185 242 255 253 248 253 237 119 94 104 96 107 103 106 88 116 101 100 125 66 157 179 75 111 137 143 105 82 108 125 86 118 100 129 182 192 186 216 165 105 117 176 156 168 190 213 241 194 179 170 186 140 128 164 212 193 196 179 224 206 223 213 115 170 208 172 172 177 194 195 218 203 176 146 169 188 135 141 166 152 164 147 149 130 108 164 151 178 145 114 145 177 132 173 114 123 182 137 171 119 129
91 116 112 92 46 15 99 132 107 89 141 123 108 154 158 124 75 76 159 142 78 50 64 193 255 235 230 255 252 248 250 251 252 181 89 101 104 102 116 116 95 85 131 80 143 99 79 137 88 101 159 134 102 126 145 136 133 92 92 159 199 172 151 193 203 129 110 124 110 123 223 208 215 192 159 165 125 121 196 201 228 217 169 152 125 180 244 236 189 183 202 217 164 144 167 213 187 153 139 152 152 168 72 91 141 146 165 154 171 132 134 151 122 159 165 132 106 156 169 117 103 148 141 140 170 171 132 139
72 90 69 49 39 25 114 117 112 104 142 135 136 160 141 123 141 126 156 157 95 134 236 255 249 251 255 248 246 252 251 250 254 158 87 93 98 101 139 166 98 103 127 142 146 67 102 85 100 127 120 108 80 138 88 73 86 136 187 185 120 119 117 185 212 165 100 117 166 214 204 226 221 183 158 152 157 174 211 171 168 146 183 155 127 123 212 204 204 199 242 240 230 195 217 227 152 166 167 123 145 89 126 117 130 143 152 154 153 158 157 132 144 182 145 128 154 172 153 133 96 114 95 165 182 163 157 161
83 69 84 65 43 68 124 97 110 118 153 146 136 153 144 124 168 167 127 130 189 255 252 248 254 251 229 213 243 252 250 251 252 247 237 210 140 136 189 145 93 129 130 140 81 132 133 105 110 38 105 134 108 86 59 97 168 205 195 176 117 148 144 184 189 106 40 106 242 209 234 206 218 231 199 165 176 148 202 236 171 148 148 203 174 156 156 164 174 140 123 164 255 235 215 197 176 157 90 148 146 129 165 172 167 170 169 161 149 159 167 156 164 145 153 164 160 116 98 111 156 153 135 163 169 171 178 149
110 91 111 107 56 134 153 129 170 129 147 125 144 142 151 157 158 162 124 170 254 249 250 249 226 193 222 249 252 248 251 251 251 252 255 255 248 235 188 121 112 137 113 130 81 97 104 128 66 40 139 128 100 97 151 191 203 192 190 152 136 135 143 196 129 96 49 155 255 213 220 214 220 207 172 112 167 203 249 200 199 229 150 194 187 203 99 146 144 156 138 189 218 146 157 143 151 157 149 145 146 132 146 157 154 171 158 135 141 152 177 149 145 163 144 177 183 179 129 133 188 160 102 164 193 167 159 161
77 62 58 48 53 154 121 76 136 159 116 140 145 147 180 195 147 177 217 243 248 219 247 225 227 231 224 240 250 251 251 251 251 251 250 250 244 226 114 81 143 172 160 105 84 80 150 120 47 67 142 102 130 188 219 202 187 193 191 164 166 171 196 187 189 241 217 216 222 151 208 249 222 168 151 139 196 216 185 215 238 168 115 161 205 194 156 205 189 173 155 196 220 205 189 155 169 188 188 163 150 203 142 108 151 187 158 119 143 161 119 168 162 156 160 174 154 163 166 174 102 151 169 153 160 143 166 179
85 72 124 118 125 141 77 52 83 146 145 163 125 124 169 217 238 254 231 244 243 219 192 153 220 199 162 233 255 250 251 251 251 251 251 251 250 223 187 162 206 182 115 99 87 119 156 90 44 109 168 174 216 193 204 192 199 190 190 185 179 181 217 230 226 250 238 206 205 208 205 244 164 144 127 158 229 200 155 155 235 150 170 221 225 240 238 248 238 197 158 243 232 226 213 192 155 189 208 158 157 172 143 157 206 202 209 179 141 119 134 183 172 158 166 166 173 160 170 134 119 158 167 153 169 179 182 152
108 190 255 253 255 244 216 167 135 165 154 138 71 136 226 255 238 172 182 180 183 165 147 166 180 166 186 240 248 250 251 251 251 251 251 251 251 255 254 255 204 122 121 152 142 156 154 94 93 181 213 209 185 156 193 191 183 187 190 213 218 206 204 206 232 235 206 185 251 184 223 237 143 140 149 171 153 153 150 174 182 220 203 224 199 198 196 210 248 189 171 211 162 164 157 171 187 217 238 214 150 130 181 210 161 187 198 181 133 140 177 221 169 149 142 178 184 151 145 159 161 161 176 160 176 164 151 148
159 223 251 249 248 253 255 255 233 204 161 144 194 255 228 182 136 122 153 165 160 157 159 158 165 167 171 195 242 251 251 251 251 251 251 251 251 250 248 254 240 219 221 250 248 214 176 182 216 214 200 190 184 197 193 172 184 184 205 240 221 199 93 201 245 241 179 187 230 172 200 158 149 147 148 143 162 137 181 232 179 229 242 226 218 191 210 202 221 131 180 246 217 243 231 207 218 218 203 155 95 172 224 197 190 210 216 218 189 144 149 164 171 164 166 179 185 153 158 174 168 213 184 167 175 143 129 156
253 253 251 251 251 250 249 248 253 255 252 255 240 199 160 144 150 160 173 154 153 157 162 159 151 171 158 166 245 252 251 251 251 251 251 251 251 251 251 238 251 249 201 194 212 189 217 223 208 190 190 188 195 184 170 176 174 179 200 191 189 139 169 220 209 239 211 178 172 153 195 201 160 153 169 162 168 131 185 249 196 149 175 211 222 206 213 205 129 99 193 213 199 205 206 204 229 228 163 126 104 209 202 175 176 149 200 222 165 130 127 142 176 179 162 154 189 153 178 154 151 176 174 188 167 174 174 154
247 248 252 251 251 252 252 254 255 245 226 188 151 164 151 144 171 181 152 144 150 151 163 167 153 176 219 220 252 251 250 250 252 251 251 251 251 251 252 227 175 208 166 167 198 199 204 195 185 185 186 183 171 172 167 186 189 195 152 211 225 207 211 198 221 236 252 241 201 180 227 251 232 157 166 185 160 182 180 186 184 211 181 218 203 175 186 154 124 148 225 233 212 218 255 225 155 103 120 129 149 203 186 174 201 190 225 233 137 159 175 149 162 137 155 137 165 165 168 172 171 174 150 164 174 146 98 175
182 251 247 250 250 246 247 237 206 169 162 150 150 152 160 158 170 157 149 171 163 156 164 160 158 172 237 255 234 248 255 251 248 251 251 251 250 250 249 252 226 177 186 207 208 196 191 184 180 175 178 160 170 175 155 169 204 173 111 196 170 144 183 189 211 179 187 232 200 153 201 192 190 147 162 166 212 237 186 180 210 255 151 177 178 180 221 219 232 237 228 232 216 211 136 75 129 142 159 164 171 155 95 64 73 101 116 147 117 178 173 176 151 163 171 164 173 148 166 175 170 135 170 171 135 159 156 150
192 227 216 253 255 245 207 163 132 138 160 158 149 145 160 148 155 157 160 165 141 160 155 158 154 155 202 216 232 255 204 209 255 253 252 253 252 255 234 227 183 178 192 180 175 183 175 178 180 174 168 169 204 209 165 187 244 183 134 156 182 195 194 206 188 140 134 143 124 181 213 176 182 197 217 198 221 182 157 141 100 164 120 156 201 229 209 131 100 173 251 193 183 177 48 44 76 222 181 146 109 101 55 37 40 26 66 141 162 144 104 178 155 147 159 166 166 161 169 153 126 166 155 162 162 179 167 98
227 205 235 247 223 178 152 158 148 141 153 152 140 163 157 142 154 144 171 162 151 134 141 146 148 159 152 159 230 223 206 198 223 231 238 246 241 225 255 210 181 183 177 169 184 168 169 166 168 168 162 211 196 184 248 187 201 228 216 185 140 199 215 249 246 193 113 90 101 157 235 180 181 199 211 191 189 168 161 156 199 154 147 135 140 211 160 34 28 190 255 239 196 200 141 68 157 166 35 74 119 115 75 57 74 112 143 160 158 129 73 129 174 146 155 154 166 152 152 137 118 149 144 143 160 147 140 164
211 241 218 158 142 134 141 148 142 105 139 146 155 135 135 143 138 153 136 131 172 138 146 146 134 156 175 169 195 227 226 181 159 148 168 183 200 201 173 159 167 166 173 162 142 160 161 172 176 160 171 215 162 172 219 113 159 241 209 152 178 240 247 226 181 117 101 131 135 140 236 217 156 197 209 193 193 150 207 198 227 212 178 98 129 185 142 68 85 196 207 190 234 217 219 213 223 109 51 52 87 88 74 139 163 150 141 145 149 130 146 153 156 164 186 156 147 139 153 147 133 145 169 149 131 157 155 143
